88 28 1
88 29 1
88 30 1
88 31 1
89 28 1
89 29 1
89 30 1
89 31 1
90 28 1
90 29 1
90 30 1
90 31 1
91 28 1
91 29 1
91 30 1
91 31 1
92 28 1
92 29 1
92 30 1
92 31 1
93 28 1
93 29 1
93 30 1
93 31 1
94 28 1
94 29 1
94 30 1
94 31 1
95 28 1
95 29 1
95 30 1
95 31 1
96 28 1
96 29 1
96 30 1
96 31 1
97 28 1
97 29 1
97 30 1
97 31 1
98 28 1
98 29 1
98 30 1
98 31 1
99 28 1
99 29 1
99 30 1
99 31 1
100 28 1
100 29 1
100 30 1
100 31 1
101 28 1
101 29 1
101 30 1
101 31 1
102 28 1
102 29 1
102 30 1
102 31 1
103 28 1
103 29 1
103 30 1
103 31 1
104 28 1
104 29 1
104 30 1
104 31 1
105 28 1
105 29 1
105 30 1
105 31 1
106 28 1
106 29 1
106 30 1
106 31 1
107 28 1
107 29 1
107 30 1
107 31 1
108 28 1
108 29 1
108 30 1
108 31 1
109 28 1
109 29 1
109 30 1
109 31 1
110 28 1
110 29 1
110 30 1
110 31 1
111 28 1
111 29 1
111 30 1
111 31 1
112 28 1
112 29 1
112 30 1
112 31 1
113 28 1
113 29 1
113 30 1
113 31 1
114 28 1
114 29 1
114 30 1
114 31 1
115 28 1
115 29 1
115 30 1
115 31 1
116 28 1
116 29 1
116 30 1
116 31 1
117 28 1
117 29 1
117 30 1
117 31 1
118 28 1
118 29 1
118 30 1
118 31 1
119 28 1
119 29 1
119 30 1
119 31 1
120 28 1
120 29 1
120 30 1
120 31 1
121 28 1
121 29 1
121 30 1
121 31 1
122 28 1
122 29 1
122 30 1
122 31 1
123 28 1
123 29 1
123 30 1
123 31 1
124 28 1
124 29 1
124 30 1
124 31 1
125 28 1
125 29 1
125 30 1
125 31 1
126 28 1
126 29 1
126 30 1
126 31 1
286 28 1
286 29 1
286 30 1
286 31 1
287 28 1
287 29 1
287 30 1
287 31 1
288 28 1
288 29 1
288 30 1
288 31 1
289 28 1
289 29 1
289 30 1
289 31 1
290 28 1
290 29 1
290 30 1
290 31 1
291 28 1
291 29 1
291 30 1
291 31 1
292 28 1
292 29 1
292 30 1
292 31 1
293 28 1
293 29 1
293 30 1
293 31 1
294 28 1
294 29 1
294 30 1
294 31 1
295 28 1
295 29 1
295 30 1
295 31 1
296 28 1
296 29 1
296 30 1
296 31 1
297 28 1
297 29 1
297 30 1
297 31 1
298 28 1
298 29 1
298 30 1
298 31 1
299 28 1
299 29 1
299 30 1
299 31 1
300 28 1
300 29 1
300 30 1
300 31 1
301 28 1
301 29 1
301 30 1
301 31 1
302 28 1
302 29 1
302 30 1
302 31 1
303 28 1
303 29 1
303 30 1
303 31 1
304 28 1
304 29 1
304 30 1
304 31 1
305 28 1
305 29 1
305 30 1
305 31 1
306 28 1
306 29 1
306 30 1
306 31 1
307 28 1
307 29 1
307 30 1
307 31 1
308 28 1
308 29 1
308 30 1
308 31 1
309 28 1
309 29 1
309 30 1
309 31 1
310 28 1
310 29 1
310 30 1
310 31 1
311 28 1
311 29 1
311 30 1
311 31 1
312 28 1
312 29 1
312 30 1
312 31 1
313 28 1
313 29 1
313 30 1
313 31 1
314 28 1
314 29 1
314 30 1
314 31 1
315 28 1
315 29 1
315 30 1
315 31 1
316 28 1
316 29 1
316 30 1
316 31 1
317 28 1
317 29 1
317 30 1
317 31 1
318 28 1
318 29 1
318 30 1
318 31 1
319 28 1
319 29 1
319 30 1
319 31 1
320 28 1
320 29 1
320 30 1
320 31 1
321 28 1
321 29 1
321 30 1
321 31 1
322 28 1
322 29 1
322 30 1
322 31 1
323 28 1
323 29 1
323 30 1
323 31 1
324 28 1
324 29 1
324 30 1
324 31 1
325 28 1
325 29 1
325 30 1
325 31 1
326 28 1
326 29 1
326 30 1
326 31 1
327 28 1
327 29 1
327 30 1
327 31 1
328 28 1
328 29 1
328 30 1
328 31 1
329 28 1
329 29 1
329 30 1
329 31 1
330 28 1
330 29 1
330 30 1
330 31 1
490 28 1
490 29 1
490 30 1
490 31 1
491 28 1
491 29 1
491 30 1
491 31 1
492 28 1
492 29 1
492 30 1
492 31 1
493 28 1
493 29 1
493 30 1
493 31 1
494 28 1
494 29 1
494 30 1
494 31 1
495 28 1
495 29 1
495 30 1
495 31 1
496 28 1
496 29 1
496 30 1
496 31 1
497 28 1
497 29 1
497 30 1
497 31 1
498 28 1
498 29 1
498 30 1
498 31 1
499 28 1
499 29 1
499 30 1
499 31 1
500 28 1
500 29 1
500 30 1
500 31 1
501 28 1
501 29 1
501 30 1
501 31 1
502 28 1
502 29 1
502 30 1
502 31 1
503 28 1
503 29 1
503 30 1
503 31 1
504 28 1
504 29 1
504 30 1
504 31 1
505 28 1
505 29 1
505 30 1
505 31 1
506 28 1
506 29 1
506 30 1
506 31 1
507 28 1
507 29 1
507 30 1
507 31 1
508 28 1
508 29 1
508 30 1
508 31 1
509 28 1
509 29 1
509 30 1
509 31 1
510 28 1
510 29 1
510 30 1
510 31 1
676 28 1
676 29 1
676 30 1
676 31 1
677 28 1
677 29 1
677 30 1
677 31 1
678 28 1
678 29 1
678 30 1
678 31 1
679 28 1
679 29 1
679 30 1
679 31 1
680 28 1
680 29 1
680 30 1
680 31 1
681 28 1
681 29 1
681 30 1
681 31 1
682 28 1
682 29 1
682 30 1
682 31 1
683 28 1
683 29 1
683 30 1
683 31 1
684 28 1
684 29 1
684 30 1
684 31 1
685 28 1
685 29 1
685 30 1
685 31 1
686 28 1
686 29 1
686 30 1
686 31 1
687 28 1
687 29 1
687 30 1
687 31 1
688 28 1
688 29 1
688 30 1
688 31 1
689 28 1
689 29 1
689 30 1
689 31 1
690 28 1
690 29 1
690 30 1
690 31 1
691 28 1
691 29 1
691 30 1
691 31 1
692 28 1
692 29 1
692 30 1
692 31 1
693 28 1
693 29 1
693 30 1
693 31 1
694 28 1
694 29 1
694 30 1
694 31 1
695 28 1
695 29 1
695 30 1
695 31 1
696 28 1
696 29 1
696 30 1
696 31 1
871 28 1
871 29 1
871 30 1
871 31 1
872 28 1
872 29 1
872 30 1
872 31 1
873 28 1
873 29 1
873 30 1
873 31 1
874 28 1
874 29 1
874 30 1
874 31 1
875 28 1
875 29 1
875 30 1
875 31 1
876 28 1
876 29 1
876 30 1
876 31 1
877 28 1
877 29 1
877 30 1
877 31 1
878 28 1
878 29 1
878 30 1
878 31 1
879 28 1
879 29 1
879 30 1
879 31 1
880 28 1
880 29 1
880 30 1
880 31 1
881 28 1
881 29 1
881 30 1
881 31 1
882 28 1
882 29 1
882 30 1
882 31 1
883 28 1
883 29 1
883 30 1
883 31 1
884 28 1
884 29 1
884 30 1
884 31 1
885 28 1
885 29 1
885 30 1
885 31 1
886 28 1
886 29 1
886 30 1
886 31 1
887 28 1
887 29 1
887 30 1
887 31 1
888 28 1
888 29 1
888 30 1
888 31 1
889 28 1
889 29 1
889 30 1
889 31 1
890 28 1
890 29 1
890 30 1
890 31 1
891 28 1
891 29 1
891 30 1
891 31 1
892 28 1
892 29 1
892 30 1
892 31 1
893 28 1
893 29 1
893 30 1
893 31 1
894 28 1
894 29 1
894 30 1
894 31 1
895 28 1
895 29 1
895 30 1
895 31 1
896 28 1
896 29 1
896 30 1
896 31 1
897 28 1
897 29 1
897 30 1
897 31 1
79 24 1
79 25 1
79 26 1
79 27 1
80 24 1
80 25 1
80 26 1
80 27 1
81 24 1
81 25 1
81 26 1
81 27 1
82 24 1
82 25 1
82 26 1
82 27 1
83 24 1
83 25 1
83 26 1
83 27 1
84 24 1
84 25 1
84 26 1
84 27 1
85 24 1
85 25 1
85 26 1
85 27 1
86 24 1
86 25 1
86 26 1
86 27 1
87 24 1
87 25 1
87 26 1
87 27 1
88 24 1
88 25 1
88 26 1
88 27 1
89 24 1
89 25 1
89 26 1
89 27 1
90 24 1
90 25 1
90 26 1
90 27 1
91 24 1
91 25 1
91 26 1
91 27 1
92 24 1
92 25 1
92 26 1
92 27 1
93 24 1
93 25 1
93 26 1
93 27 1
94 24 1
94 25 1
94 26 1
94 27 1
95 24 1
95 25 1
95 26 1
95 27 1
96 24 1
96 25 1
96 26 1
96 27 1
97 24 1
97 25 1
97 26 1
97 27 1
98 24 1
98 25 1
98 26 1
98 27 1
99 24 1
99 25 1
99 26 1
99 27 1
100 24 1
100 25 1
100 26 1
100 27 1
101 24 1
101 25 1
101 26 1
101 27 1
102 24 1
102 25 1
102 26 1
102 27 1
103 24 1
103 25 1
103 26 1
103 27 1
104 24 1
104 25 1
104 26 1
104 27 1
105 24 1
105 25 1
105 26 1
105 27 1
106 24 1
106 25 1
106 26 1
106 27 1
107 24 1
107 25 1
107 26 1
107 27 1
108 24 1
108 25 1
108 26 1
108 27 1
109 24 1
109 25 1
109 26 1
109 27 1
110 24 1
110 25 1
110 26 1
110 27 1
111 24 1
111 25 1
111 26 1
111 27 1
112 24 1
112 25 1
112 26 1
112 27 1
113 24 1
113 25 1
113 26 1
113 27 1
114 24 1
114 25 1
114 26 1
114 27 1
115 24 1
115 25 1
115 26 1
115 27 1
116 24 1
116 25 1
116 26 1
116 27 1
117 24 1
117 25 1
117 26 1
117 27 1
118 24 1
118 25 1
118 26 1
118 27 1
119 24 1
119 25 1
119 26 1
119 27 1
120 24 1
120 25 1
120 26 1
120 27 1
121 24 1
121 25 1
121 26 1
121 27 1
122 24 1
122 25 1
122 26 1
122 27 1
123 24 1
123 25 1
123 26 1
123 27 1
124 24 1
124 25 1
124 26 1
124 27 1
125 24 1
125 25 1
125 26 1
125 27 1
126 24 1
126 25 1
126 26 1
126 27 1
280 24 1
280 25 1
280 26 1
280 27 1
281 24 1
281 25 1
281 26 1
281 27 1
282 24 1
282 25 1
282 26 1
282 27 1
283 24 1
283 25 1
283 26 1
283 27 1
284 24 1
284 25 1
284 26 1
284 27 1
285 24 1
285 25 1
285 26 1
285 27 1
286 24 1
286 25 1
286 26 1
286 27 1
287 24 1
287 25 1
287 26 1
287 27 1
288 24 1
288 25 1
288 26 1
288 27 1
289 24 1
289 25 1
289 26 1
289 27 1
290 24 1
290 25 1
290 26 1
290 27 1
291 24 1
291 25 1
291 26 1
291 27 1
292 24 1
292 25 1
292 26 1
292 27 1
293 24 1
293 25 1
293 26 1
293 27 1
294 24 1
294 25 1
294 26 1
294 27 1
295 24 1
295 25 1
295 26 1
295 27 1
296 24 1
296 25 1
296 26 1
296 27 1
297 24 1
297 25 1
297 26 1
297 27 1
298 24 1
298 25 1
298 26 1
298 27 1
299 24 1
299 25 1
299 26 1
299 27 1
300 24 1
300 25 1
300 26 1
300 27 1
301 24 1
301 25 1
301 26 1
301 27 1
302 24 1
302 25 1
302 26 1
302 27 1
303 24 1
303 25 1
303 26 1
303 27 1
304 24 1
304 25 1
304 26 1
304 27 1
305 24 1
305 25 1
305 26 1
305 27 1
306 24 1
306 25 1
306 26 1
306 27 1
307 24 1
307 25 1
307 26 1
307 27 1
308 24 1
308 25 1
308 26 1
308 27 1
309 24 1
309 25 1
309 26 1
309 27 1
310 24 1
310 25 1
310 26 1
310 27 1
311 24 1
311 25 1
311 26 1
311 27 1
312 24 1
312 25 1
312 26 1
312 27 1
313 24 1
313 25 1
313 26 1
313 27 1
314 24 1
314 25 1
314 26 1
314 27 1
315 24 1
315 25 1
315 26 1
315 27 1
316 24 1
316 25 1
316 26 1
316 27 1
317 24 1
317 25 1
317 26 1
317 27 1
318 24 1
318 25 1
318 26 1
318 27 1
319 24 1
319 25 1
319 26 1
319 27 1
320 24 1
320 25 1
320 26 1
320 27 1
321 24 1
321 25 1
321 26 1
321 27 1
322 24 1
322 25 1
322 26 1
322 27 1
323 24 1
323 25 1
323 26 1
323 27 1
324 24 1
324 25 1
324 26 1
324 27 1
325 24 1
325 25 1
325 26 1
325 27 1
326 24 1
326 25 1
326 26 1
326 27 1
327 24 1
327 25 1
327 26 1
327 27 1
328 24 1
328 25 1
328 26 1
328 27 1
329 24 1
329 25 1
329 26 1
329 27 1
330 24 1
330 25 1
330 26 1
330 27 1
331 24 1
331 25 1
331 26 1
331 27 1
332 24 1
332 25 1
332 26 1
332 27 1
333 24 1
333 25 1
333 26 1
333 27 1
487 24 1
487 25 1
487 26 1
487 27 1
488 24 1
488 25 1
488 26 1
488 27 1
489 24 1
489 25 1
489 26 1
489 27 1
490 24 1
490 25 1
490 26 1
490 27 1
491 24 1
491 25 1
491 26 1
491 27 1
492 24 1
492 25 1
492 26 1
492 27 1
493 24 1
493 25 1
493 26 1
493 27 1
494 24 1
494 25 1
494 26 1
494 27 1
495 24 1
495 25 1
495 26 1
495 27 1
496 24 1
496 25 1
496 26 1
496 27 1
497 24 1
497 25 1
497 26 1
497 27 1
498 24 1
498 25 1
498 26 1
498 27 1
499 24 1
499 25 1
499 26 1
499 27 1
500 24 1
500 25 1
500 26 1
500 27 1
501 24 1
501 25 1
501 26 1
501 27 1
502 24 1
502 25 1
502 26 1
502 27 1
503 24 1
503 25 1
503 26 1
503 27 1
504 24 1
504 25 1
504 26 1
504 27 1
505 24 1
505 25 1
505 26 1
505 27 1
506 24 1
506 25 1
506 26 1
506 27 1
507 24 1
507 25 1
507 26 1
507 27 1
508 24 1
508 25 1
508 26 1
508 27 1
509 24 1
509 25 1
509 26 1
509 27 1
510 24 1
510 25 1
510 26 1
510 27 1
673 24 1
673 25 1
673 26 1
673 27 1
674 24 1
674 25 1
674 26 1
674 27 1
675 24 1
675 25 1
675 26 1
675 27 1
676 24 1
676 25 1
676 26 1
676 27 1
677 24 1
677 25 1
677 26 1
677 27 1
678 24 1
678 25 1
678 26 1
678 27 1
679 24 1
679 25 1
679 26 1
679 27 1
680 24 1
680 25 1
680 26 1
680 27 1
681 24 1
681 25 1
681 26 1
681 27 1
682 24 1
682 25 1
682 26 1
682 27 1
683 24 1
683 25 1
683 26 1
683 27 1
684 24 1
684 25 1
684 26 1
684 27 1
685 24 1
685 25 1
685 26 1
685 27 1
686 24 1
686 25 1
686 26 1
686 27 1
687 24 1
687 25 1
687 26 1
687 27 1
688 24 1
688 25 1
688 26 1
688 27 1
689 24 1
689 25 1
689 26 1
689 27 1
690 24 1
690 25 1
690 26 1
690 27 1
691 24 1
691 25 1
691 26 1
691 27 1
692 24 1
692 25 1
692 26 1
692 27 1
693 24 1
693 25 1
693 26 1
693 27 1
694 24 1
694 25 1
694 26 1
694 27 1
695 24 1
695 25 1
695 26 1
695 27 1
696 24 1
696 25 1
696 26 1
696 27 1
865 24 1
865 25 1
865 26 1
865 27 1
866 24 1
866 25 1
866 26 1
866 27 1
867 24 1
867 25 1
867 26 1
867 27 1
868 24 1
868 25 1
868 26 1
868 27 1
869 24 1
869 25 1
869 26 1
869 27 1
870 24 1
870 25 1
870 26 1
870 27 1
871 24 1
871 25 1
871 26 1
871 27 1
872 24 1
872 25 1
872 26 1
872 27 1
873 24 1
873 25 1
873 26 1
873 27 1
874 24 1
874 25 1
874 26 1
874 27 1
875 24 1
875 25 1
875 26 1
875 27 1
876 24 1
876 25 1
876 26 1
876 27 1
877 24 1
877 25 1
877 26 1
877 27 1
878 24 1
878 25 1
878 26 1
878 27 1
879 24 1
879 25 1
879 26 1
879 27 1
880 24 1
880 25 1
880 26 1
880 27 1
881 24 1
881 25 1
881 26 1
881 27 1
882 24 1
882 25 1
882 26 1
882 27 1
883 24 1
883 25 1
883 26 1
883 27 1
884 24 1
884 25 1
884 26 1
884 27 1
885 24 1
885 25 1
885 26 1
885 27 1
886 24 1
886 25 1
886 26 1
886 27 1
887 24 1
887 25 1
887 26 1
887 27 1
888 24 1
888 25 1
888 26 1
888 27 1
889 24 1
889 25 1
889 26 1
889 27 1
890 24 1
890 25 1
890 26 1
890 27 1
891 24 1
891 25 1
891 26 1
891 27 1
892 24 1
892 25 1
892 26 1
892 27 1
893 24 1
893 25 1
893 26 1
893 27 1
894 24 1
894 25 1
894 26 1
894 27 1
895 24 1
895 25 1
895 26 1
895 27 1
896 24 1
896 25 1
896 26 1
896 27 1
897 24 1
897 25 1
897 26 1
897 27 1
898 24 1
898 25 1
898 26 1
898 27 1
899 24 1
899 25 1
899 26 1
899 27 1
900 24 1
900 25 1
900 26 1
900 27 1
901 24 1
901 25 1
901 26 1
901 27 1
902 24 1
902 25 1
902 26 1
902 27 1
903 24 1
903 25 1
903 26 1
903 27 1
73 20 1
73 21 1
73 22 1
73 23 1
74 20 1
74 21 1
74 22 1
74 23 1
75 20 1
75 21 1
75 22 1
75 23 1
76 20 1
76 21 1
76 22 1
76 23 1
77 20 1
77 21 1
77 22 1
77 23 1
78 20 1
78 21 1
78 22 1
78 23 1
79 20 1
79 21 1
79 22 1
79 23 1
80 20 1
80 21 1
80 22 1
80 23 1
81 20 1
81 21 1
81 22 1
81 23 1
82 20 1
82 21 1
82 22 1
82 23 1
83 20 1
83 21 1
83 22 1
83 23 1
84 20 1
84 21 1
84 22 1
84 23 1
85 20 1
85 21 1
85 22 1
85 23 1
86 20 1
86 21 1
86 22 1
86 23 1
87 20 1
87 21 1
87 22 1
87 23 1
88 20 1
88 21 1
88 22 1
88 23 1
89 20 1
89 21 1
89 22 1
89 23 1
90 20 1
90 21 1
90 22 1
90 23 1
91 20 1
91 21 1
91 22 1
91 23 1
92 20 1
92 21 1
92 22 1
92 23 1
93 20 1
93 21 1
93 22 1
93 23 1
94 20 1
94 21 1
94 22 1
94 23 1
95 20 1
95 21 1
95 22 1
95 23 1
96 20 1
96 21 1
96 22 1
96 23 1
97 20 1
97 21 1
97 22 1
97 23 1
98 20 1
98 21 1
98 22 1
98 23 1
99 20 1
99 21 1
99 22 1
99 23 1
100 20 1
100 21 1
100 22 1
100 23 1
101 20 1
101 21 1
101 22 1
101 23 1
102 20 1
102 21 1
102 22 1
102 23 1
103 20 1
103 21 1
103 22 1
103 23 1
104 20 1
104 21 1
104 22 1
104 23 1
105 20 1
105 21 1
105 22 1
105 23 1
106 20 1
106 21 1
106 22 1
106 23 1
107 20 1
107 21 1
107 22 1
107 23 1
108 20 1
108 21 1
108 22 1
108 23 1
109 20 1
109 21 1
109 22 1
109 23 1
110 20 1
110 21 1
110 22 1
110 23 1
111 20 1
111 21 1
111 22 1
111 23 1
112 20 1
112 21 1
112 22 1
112 23 1
113 20 1
113 21 1
113 22 1
113 23 1
114 20 1
114 21 1
114 22 1
114 23 1
115 20 1
115 21 1
115 22 1
115 23 1
116 20 1
116 21 1
116 22 1
116 23 1
117 20 1
117 21 1
117 22 1
117 23 1
118 20 1
118 21 1
118 22 1
118 23 1
119 20 1
119 21 1
119 22 1
119 23 1
120 20 1
120 21 1
120 22 1
120 23 1
121 20 1
121 21 1
121 22 1
121 23 1
122 20 1
122 21 1
122 22 1
122 23 1
123 20 1
123 21 1
123 22 1
123 23 1
124 20 1
124 21 1
124 22 1
124 23 1
125 20 1
125 21 1
125 22 1
125 23 1
126 20 1
126 21 1
126 22 1
126 23 1
277 20 1
277 21 1
277 22 1
277 23 1
278 20 1
278 21 1
278 22 1
278 23 1
279 20 1
279 21 1
279 22 1
279 23 1
280 20 1
280 21 1
280 22 1
280 23 1
281 20 1
281 21 1
281 22 1
281 23 1
282 20 1
282 21 1
282 22 1
282 23 1
283 20 1
283 21 1
283 22 1
283 23 1
284 20 1
284 21 1
284 22 1
284 23 1
285 20 1
285 21 1
285 22 1
285 23 1
286 20 1
286 21 1
286 22 1
286 23 1
287 20 1
287 21 1
287 22 1
287 23 1
288 20 1
288 21 1
288 22 1
288 23 1
289 20 1
289 21 1
289 22 1
289 23 1
290 20 1
290 21 1
290 22 1
290 23 1
291 20 1
291 21 1
291 22 1
291 23 1
292 20 1
292 21 1
292 22 1
292 23 1
293 20 1
293 21 1
293 22 1
293 23 1
294 20 1
294 21 1
294 22 1
294 23 1
295 20 1
295 21 1
295 22 1
295 23 1
296 20 1
296 21 1
296 22 1
296 23 1
297 20 1
297 21 1
297 22 1
297 23 1
298 20 1
298 21 1
298 22 1
298 23 1
299 20 1
299 21 1
299 22 1
299 23 1
300 20 1
300 21 1
300 22 1
300 23 1
301 20 1
301 21 1
301 22 1
301 23 1
302 20 1
302 21 1
302 22 1
302 23 1
303 20 1
303 21 1
303 22 1
303 23 1
304 20 1
304 21 1
304 22 1
304 23 1
305 20 1
305 21 1
305 22 1
305 23 1
306 20 1
306 21 1
306 22 1
306 23 1
307 20 1
307 21 1
307 22 1
307 23 1
308 20 1
308 21 1
308 22 1
308 23 1
309 20 1
309 21 1
309 22 1
309 23 1
310 20 1
310 21 1
310 22 1
310 23 1
311 20 1
311 21 1
311 22 1
311 23 1
312 20 1
312 21 1
312 22 1
312 23 1
313 20 1
313 21 1
313 22 1
313 23 1
314 20 1
314 21 1
314 22 1
314 23 1
315 20 1
315 21 1
315 22 1
315 23 1
316 20 1
316 21 1
316 22 1
316 23 1
317 20 1
317 21 1
317 22 1
317 23 1
318 20 1
318 21 1
318 22 1
318 23 1
319 20 1
319 21 1
319 22 1
319 23 1
320 20 1
320 21 1
320 22 1
320 23 1
321 20 1
321 21 1
321 22 1
321 23 1
322 20 1
322 21 1
322 22 1
322 23 1
323 20 1
323 21 1
323 22 1
323 23 1
324 20 1
324 21 1
324 22 1
324 23 1
325 20 1
325 21 1
325 22 1
325 23 1
326 20 1
326 21 1
326 22 1
326 23 1
327 20 1
327 21 1
327 22 1
327 23 1
328 20 1
328 21 1
328 22 1
328 23 1
329 20 1
329 21 1
329 22 1
329 23 1
330 20 1
330 21 1
330 22 1
330 23 1
331 20 1
331 21 1
331 22 1
331 23 1
332 20 1
332 21 1
332 22 1
332 23 1
333 20 1
333 21 1
333 22 1
333 23 1
484 20 1
484 21 1
484 22 1
484 23 1
485 20 1
485 21 1
485 22 1
485 23 1
486 20 1
486 21 1
486 22 1
486 23 1
487 20 1
487 21 1
487 22 1
487 23 1
488 20 1
488 21 1
488 22 1
488 23 1
489 20 1
489 21 1
489 22 1
489 23 1
490 20 1
490 21 1
490 22 1
490 23 1
491 20 1
491 21 1
491 22 1
491 23 1
492 20 1
492 21 1
492 22 1
492 23 1
493 20 1
493 21 1
493 22 1
493 23 1
494 20 1
494 21 1
494 22 1
494 23 1
495 20 1
495 21 1
495 22 1
495 23 1
496 20 1
496 21 1
496 22 1
496 23 1
497 20 1
497 21 1
497 22 1
497 23 1
498 20 1
498 21 1
498 22 1
498 23 1
499 20 1
499 21 1
499 22 1
499 23 1
500 20 1
500 21 1
500 22 1
500 23 1
501 20 1
501 21 1
501 22 1
501 23 1
502 20 1
502 21 1
502 22 1
502 23 1
503 20 1
503 21 1
503 22 1
503 23 1
504 20 1
504 21 1
504 22 1
504 23 1
505 20 1
505 21 1
505 22 1
505 23 1
506 20 1
506 21 1
506 22 1
506 23 1
507 20 1
507 21 1
507 22 1
507 23 1
508 20 1
508 21 1
508 22 1
508 23 1
509 20 1
509 21 1
509 22 1
509 23 1
510 20 1
510 21 1
510 22 1
510 23 1
670 20 1
670 21 1
670 22 1
670 23 1
671 20 1
671 21 1
671 22 1
671 23 1
672 20 1
672 21 1
672 22 1
672 23 1
673 20 1
673 21 1
673 22 1
673 23 1
674 20 1
674 21 1
674 22 1
674 23 1
675 20 1
675 21 1
675 22 1
675 23 1
676 20 1
676 21 1
676 22 1
676 23 1
677 20 1
677 21 1
677 22 1
677 23 1
678 20 1
678 21 1
678 22 1
678 23 1
679 20 1
679 21 1
679 22 1
679 23 1
680 20 1
680 21 1
680 22 1
680 23 1
681 20 1
681 21 1
681 22 1
681 23 1
682 20 1
682 21 1
682 22 1
682 23 1
683 20 1
683 21 1
683 22 1
683 23 1
684 20 1
684 21 1
684 22 1
684 23 1
685 20 1
685 21 1
685 22 1
685 23 1
686 20 1
686 21 1
686 22 1
686 23 1
687 20 1
687 21 1
687 22 1
687 23 1
688 20 1
688 21 1
688 22 1
688 23 1
689 20 1
689 21 1
689 22 1
689 23 1
690 20 1
690 21 1
690 22 1
690 23 1
691 20 1
691 21 1
691 22 1
691 23 1
692 20 1
692 21 1
692 22 1
692 23 1
693 20 1
693 21 1
693 22 1
693 23 1
694 20 1
694 21 1
694 22 1
694 23 1
695 20 1
695 21 1
695 22 1
695 23 1
696 20 1
696 21 1
696 22 1
696 23 1
859 20 1
859 21 1
859 22 1
859 23 1
860 20 1
860 21 1
860 22 1
860 23 1
861 20 1
861 21 1
861 22 1
861 23 1
862 20 1
862 21 1
862 22 1
862 23 1
863 20 1
863 21 1
863 22 1
863 23 1
864 20 1
864 21 1
864 22 1
864 23 1
865 20 1
865 21 1
865 22 1
865 23 1
866 20 1
866 21 1
866 22 1
866 23 1
867 20 1
867 21 1
867 22 1
867 23 1
868 20 1
868 21 1
868 22 1
868 23 1
869 20 1
869 21 1
869 22 1
869 23 1
870 20 1
870 21 1
870 22 1
870 23 1
871 20 1
871 21 1
871 22 1
871 23 1
872 20 1
872 21 1
872 22 1
872 23 1
873 20 1
873 21 1
873 22 1
873 23 1
874 20 1
874 21 1
874 22 1
874 23 1
875 20 1
875 21 1
875 22 1
875 23 1
876 20 1
876 21 1
876 22 1
876 23 1
877 20 1
877 21 1
877 22 1
877 23 1
878 20 1
878 21 1
878 22 1
878 23 1
879 20 1
879 21 1
879 22 1
879 23 1
880 20 1
880 21 1
880 22 1
880 23 1
881 20 1
881 21 1
881 22 1
881 23 1
882 20 1
882 21 1
882 22 1
882 23 1
883 20 1
883 21 1
883 22 1
883 23 1
884 20 1
884 21 1
884 22 1
884 23 1
885 20 1
885 21 1
885 22 1
885 23 1
886 20 1
886 21 1
886 22 1
886 23 1
887 20 1
887 21 1
887 22 1
887 23 1
888 20 1
888 21 1
888 22 1
888 23 1
889 20 1
889 21 1
889 22 1
889 23 1
890 20 1
890 21 1
890 22 1
890 23 1
891 20 1
891 21 1
891 22 1
891 23 1
892 20 1
892 21 1
892 22 1
892 23 1
893 20 1
893 21 1
893 22 1
893 23 1
894 20 1
894 21 1
894 22 1
894 23 1
895 20 1
895 21 1
895 22 1
895 23 1
896 20 1
896 21 1
896 22 1
896 23 1
897 20 1
897 21 1
897 22 1
897 23 1
898 20 1
898 21 1
898 22 1
898 23 1
899 20 1
899 21 1
899 22 1
899 23 1
900 20 1
900 21 1
900 22 1
900 23 1
901 20 1
901 21 1
901 22 1
901 23 1
902 20 1
902 21 1
902 22 1
902 23 1
903 20 1
903 21 1
903 22 1
903 23 1
904 20 1
904 21 1
904 22 1
904 23 1
905 20 1
905 21 1
905 22 1
905 23 1
906 20 1
906 21 1
906 22 1
906 23 1
907 20 1
907 21 1
907 22 1
907 23 1
908 20 1
908 21 1
908 22 1
908 23 1
909 20 1
909 21 1
909 22 1
909 23 1
70 16 1
70 17 1
70 18 1
70 19 1
71 16 1
71 17 1
71 18 1
71 19 1
72 16 1
72 17 1
72 18 1
72 19 1
73 16 1
73 17 1
73 18 1
73 19 1
74 16 1
74 17 1
74 18 1
74 19 1
75 16 1
75 17 1
75 18 1
75 19 1
76 16 1
76 17 1
76 18 1
76 19 1
77 16 1
77 17 1
77 18 1
77 19 1
78 16 1
78 17 1
78 18 1
78 19 1
79 16 1
79 17 1
79 18 1
79 19 1
80 16 1
80 17 1
80 18 1
80 19 1
81 16 1
81 17 1
81 18 1
81 19 1
82 16 1
82 17 1
82 18 1
82 19 1
83 16 1
83 17 1
83 18 1
83 19 1
84 16 1
84 17 1
84 18 1
84 19 1
85 16 1
85 17 1
85 18 1
85 19 1
86 16 1
86 17 1
86 18 1
86 19 1
87 16 1
87 17 1
87 18 1
87 19 1
88 16 1
88 17 1
88 18 1
88 19 1
89 16 1
89 17 1
89 18 1
89 19 1
90 16 1
90 17 1
90 18 1
90 19 1
91 16 1
91 17 1
91 18 1
91 19 1
92 16 1
92 17 1
92 18 1
92 19 1
93 16 1
93 17 1
93 18 1
93 19 1
94 16 1
94 17 1
94 18 1
94 19 1
95 16 1
95 17 1
95 18 1
95 19 1
96 16 1
96 17 1
96 18 1
96 19 1
97 16 1
97 17 1
97 18 1
97 19 1
98 16 1
98 17 1
98 18 1
98 19 1
99 16 1
99 17 1
99 18 1
99 19 1
100 16 1
100 17 1
100 18 1
100 19 1
101 16 1
101 17 1
101 18 1
101 19 1
102 16 1
102 17 1
102 18 1
102 19 1
103 16 1
103 17 1
103 18 1
103 19 1
104 16 1
104 17 1
104 18 1
104 19 1
105 16 1
105 17 1
105 18 1
105 19 1
106 16 1
106 17 1
106 18 1
106 19 1
107 16 1
107 17 1
107 18 1
107 19 1
108 16 1
108 17 1
108 18 1
108 19 1
109 16 1
109 17 1
109 18 1
109 19 1
110 16 1
110 17 1
110 18 1
110 19 1
111 16 1
111 17 1
111 18 1
111 19 1
112 16 1
112 17 1
112 18 1
112 19 1
113 16 1
113 17 1
113 18 1
113 19 1
114 16 1
114 17 1
114 18 1
114 19 1
115 16 1
115 17 1
115 18 1
115 19 1
116 16 1
116 17 1
116 18 1
116 19 1
117 16 1
117 17 1
117 18 1
117 19 1
118 16 1
118 17 1
118 18 1
118 19 1
119 16 1
119 17 1
119 18 1
119 19 1
120 16 1
120 17 1
120 18 1
120 19 1
121 16 1
121 17 1
121 18 1
121 19 1
122 16 1
122 17 1
122 18 1
122 19 1
123 16 1
123 17 1
123 18 1
123 19 1
124 16 1
124 17 1
124 18 1
124 19 1
125 16 1
125 17 1
125 18 1
125 19 1
126 16 1
126 17 1
126 18 1
126 19 1
277 16 1
277 17 1
277 18 1
277 19 1
278 16 1
278 17 1
278 18 1
278 19 1
279 16 1
279 17 1
279 18 1
279 19 1
280 16 1
280 17 1
280 18 1
280 19 1
281 16 1
281 17 1
281 18 1
281 19 1
282 16 1
282 17 1
282 18 1
282 19 1
283 16 1
283 17 1
283 18 1
283 19 1
284 16 1
284 17 1
284 18 1
284 19 1
285 16 1
285 17 1
285 18 1
285 19 1
286 16 1
286 17 1
286 18 1
286 19 1
287 16 1
287 17 1
287 18 1
287 19 1
288 16 1
288 17 1
288 18 1
288 19 1
289 16 1
289 17 1
289 18 1
289 19 1
290 16 1
290 17 1
290 18 1
290 19 1
291 16 1
291 17 1
291 18 1
291 19 1
292 16 1
292 17 1
292 18 1
292 19 1
293 16 1
293 17 1
293 18 1
293 19 1
294 16 1
294 17 1
294 18 1
294 19 1
295 16 1
295 17 1
295 18 1
295 19 1
296 16 1
296 17 1
296 18 1
296 19 1
297 16 1
297 17 1
297 18 1
297 19 1
313 16 1
313 17 1
313 18 1
313 19 1
314 16 1
314 17 1
314 18 1
314 19 1
315 16 1
315 17 1
315 18 1
315 19 1
316 16 1
316 17 1
316 18 1
316 19 1
317 16 1
317 17 1
317 18 1
317 19 1
318 16 1
318 17 1
318 18 1
318 19 1
319 16 1
319 17 1
319 18 1
319 19 1
320 16 1
320 17 1
320 18 1
320 19 1
321 16 1
321 17 1
321 18 1
321 19 1
322 16 1
322 17 1
322 18 1
322 19 1
323 16 1
323 17 1
323 18 1
323 19 1
324 16 1
324 17 1
324 18 1
324 19 1
325 16 1
325 17 1
325 18 1
325 19 1
326 16 1
326 17 1
326 18 1
326 19 1
327 16 1
327 17 1
327 18 1
327 19 1
328 16 1
328 17 1
328 18 1
328 19 1
329 16 1
329 17 1
329 18 1
329 19 1
330 16 1
330 17 1
330 18 1
330 19 1
331 16 1
331 17 1
331 18 1
331 19 1
332 16 1
332 17 1
332 18 1
332 19 1
333 16 1
333 17 1
333 18 1
333 19 1
484 16 1
484 17 1
484 18 1
484 19 1
485 16 1
485 17 1
485 18 1
485 19 1
486 16 1
486 17 1
486 18 1
486 19 1
487 16 1
487 17 1
487 18 1
487 19 1
488 16 1
488 17 1
488 18 1
488 19 1
489 16 1
489 17 1
489 18 1
489 19 1
490 16 1
490 17 1
490 18 1
490 19 1
491 16 1
491 17 1
491 18 1
491 19 1
492 16 1
492 17 1
492 18 1
492 19 1
493 16 1
493 17 1
493 18 1
493 19 1
494 16 1
494 17 1
494 18 1
494 19 1
495 16 1
495 17 1
495 18 1
495 19 1
496 16 1
496 17 1
496 18 1
496 19 1
497 16 1
497 17 1
497 18 1
497 19 1
498 16 1
498 17 1
498 18 1
498 19 1
499 16 1
499 17 1
499 18 1
499 19 1
500 16 1
500 17 1
500 18 1
500 19 1
501 16 1
501 17 1
501 18 1
501 19 1
502 16 1
502 17 1
502 18 1
502 19 1
503 16 1
503 17 1
503 18 1
503 19 1
504 16 1
504 17 1
504 18 1
504 19 1
505 16 1
505 17 1
505 18 1
505 19 1
506 16 1
506 17 1
506 18 1
506 19 1
507 16 1
507 17 1
507 18 1
507 19 1
508 16 1
508 17 1
508 18 1
508 19 1
509 16 1
509 17 1
509 18 1
509 19 1
510 16 1
510 17 1
510 18 1
510 19 1
670 16 1
670 17 1
670 18 1
670 19 1
671 16 1
671 17 1
671 18 1
671 19 1
672 16 1
672 17 1
672 18 1
672 19 1
673 16 1
673 17 1
673 18 1
673 19 1
674 16 1
674 17 1
674 18 1
674 19 1
675 16 1
675 17 1
675 18 1
675 19 1
676 16 1
676 17 1
676 18 1
676 19 1
677 16 1
677 17 1
677 18 1
677 19 1
678 16 1
678 17 1
678 18 1
678 19 1
679 16 1
679 17 1
679 18 1
679 19 1
680 16 1
680 17 1
680 18 1
680 19 1
681 16 1
681 17 1
681 18 1
681 19 1
682 16 1
682 17 1
682 18 1
682 19 1
683 16 1
683 17 1
683 18 1
683 19 1
684 16 1
684 17 1
684 18 1
684 19 1
685 16 1
685 17 1
685 18 1
685 19 1
686 16 1
686 17 1
686 18 1
686 19 1
687 16 1
687 17 1
687 18 1
687 19 1
688 16 1
688 17 1
688 18 1
688 19 1
689 16 1
689 17 1
689 18 1
689 19 1
690 16 1
690 17 1
690 18 1
690 19 1
691 16 1
691 17 1
691 18 1
691 19 1
692 16 1
692 17 1
692 18 1
692 19 1
693 16 1
693 17 1
693 18 1
693 19 1
694 16 1
694 17 1
694 18 1
694 19 1
695 16 1
695 17 1
695 18 1
695 19 1
696 16 1
696 17 1
696 18 1
696 19 1
856 16 1
856 17 1
856 18 1
856 19 1
857 16 1
857 17 1
857 18 1
857 19 1
858 16 1
858 17 1
858 18 1
858 19 1
859 16 1
859 17 1
859 18 1
859 19 1
860 16 1
860 17 1
860 18 1
860 19 1
861 16 1
861 17 1
861 18 1
861 19 1
862 16 1
862 17 1
862 18 1
862 19 1
863 16 1
863 17 1
863 18 1
863 19 1
864 16 1
864 17 1
864 18 1
864 19 1
865 16 1
865 17 1
865 18 1
865 19 1
866 16 1
866 17 1
866 18 1
866 19 1
867 16 1
867 17 1
867 18 1
867 19 1
868 16 1
868 17 1
868 18 1
868 19 1
869 16 1
869 17 1
869 18 1
869 19 1
870 16 1
870 17 1
870 18 1
870 19 1
871 16 1
871 17 1
871 18 1
871 19 1
872 16 1
872 17 1
872 18 1
872 19 1
873 16 1
873 17 1
873 18 1
873 19 1
874 16 1
874 17 1
874 18 1
874 19 1
875 16 1
875 17 1
875 18 1
875 19 1
876 16 1
876 17 1
876 18 1
876 19 1
877 16 1
877 17 1
877 18 1
877 19 1
878 16 1
878 17 1
878 18 1
878 19 1
879 16 1
879 17 1
879 18 1
879 19 1
880 16 1
880 17 1
880 18 1
880 19 1
881 16 1
881 17 1
881 18 1
881 19 1
882 16 1
882 17 1
882 18 1
882 19 1
883 16 1
883 17 1
883 18 1
883 19 1
884 16 1
884 17 1
884 18 1
884 19 1
885 16 1
885 17 1
885 18 1
885 19 1
886 16 1
886 17 1
886 18 1
886 19 1
887 16 1
887 17 1
887 18 1
887 19 1
888 16 1
888 17 1
888 18 1
888 19 1
889 16 1
889 17 1
889 18 1
889 19 1
890 16 1
890 17 1
890 18 1
890 19 1
891 16 1
891 17 1
891 18 1
891 19 1
892 16 1
892 17 1
892 18 1
892 19 1
893 16 1
893 17 1
893 18 1
893 19 1
894 16 1
894 17 1
894 18 1
894 19 1
895 16 1
895 17 1
895 18 1
895 19 1
896 16 1
896 17 1
896 18 1
896 19 1
897 16 1
897 17 1
897 18 1
897 19 1
898 16 1
898 17 1
898 18 1
898 19 1
899 16 1
899 17 1
899 18 1
899 19 1
900 16 1
900 17 1
900 18 1
900 19 1
901 16 1
901 17 1
901 18 1
901 19 1
902 16 1
902 17 1
902 18 1
902 19 1
903 16 1
903 17 1
903 18 1
903 19 1
904 16 1
904 17 1
904 18 1
904 19 1
905 16 1
905 17 1
905 18 1
905 19 1
906 16 1
906 17 1
906 18 1
906 19 1
907 16 1
907 17 1
907 18 1
907 19 1
908 16 1
908 17 1
908 18 1
908 19 1
909 16 1
909 17 1
909 18 1
909 19 1
910 16 1
910 17 1
910 18 1
910 19 1
911 16 1
911 17 1
911 18 1
911 19 1
912 16 1
912 17 1
912 18 1
912 19 1
67 12 1
67 13 1
67 14 1
67 15 1
68 12 1
68 13 1
68 14 1
68 15 1
69 12 1
69 13 1
69 14 1
69 15 1
70 12 1
70 13 1
70 14 1
70 15 1
71 12 1
71 13 1
71 14 1
71 15 1
72 12 1
72 13 1
72 14 1
72 15 1
73 12 1
73 13 1
73 14 1
73 15 1
74 12 1
74 13 1
74 14 1
74 15 1
75 12 1
75 13 1
75 14 1
75 15 1
76 12 1
76 13 1
76 14 1
76 15 1
77 12 1
77 13 1
77 14 1
77 15 1
78 12 1
78 13 1
78 14 1
78 15 1
79 12 1
79 13 1
79 14 1
79 15 1
80 12 1
80 13 1
80 14 1
80 15 1
81 12 1
81 13 1
81 14 1
81 15 1
82 12 1
82 13 1
82 14 1
82 15 1
83 12 1
83 13 1
83 14 1
83 15 1
84 12 1
84 13 1
84 14 1
84 15 1
85 12 1
85 13 1
85 14 1
85 15 1
86 12 1
86 13 1
86 14 1
86 15 1
87 12 1
87 13 1
87 14 1
87 15 1
109 12 1
109 13 1
109 14 1
109 15 1
110 12 1
110 13 1
110 14 1
110 15 1
111 12 1
111 13 1
111 14 1
111 15 1
112 12 1
112 13 1
112 14 1
112 15 1
113 12 1
113 13 1
113 14 1
113 15 1
114 12 1
114 13 1
114 14 1
114 15 1
115 12 1
115 13 1
115 14 1
115 15 1
116 12 1
116 13 1
116 14 1
116 15 1
117 12 1
117 13 1
117 14 1
117 15 1
118 12 1
118 13 1
118 14 1
118 15 1
119 12 1
119 13 1
119 14 1
119 15 1
120 12 1
120 13 1
120 14 1
120 15 1
121 12 1
121 13 1
121 14 1
121 15 1
122 12 1
122 13 1
122 14 1
122 15 1
123 12 1
123 13 1
123 14 1
123 15 1
124 12 1
124 13 1
124 14 1
124 15 1
125 12 1
125 13 1
125 14 1
125 15 1
126 12 1
126 13 1
126 14 1
126 15 1
277 12 1
277 13 1
277 14 1
277 15 1
278 12 1
278 13 1
278 14 1
278 15 1
279 12 1
279 13 1
279 14 1
279 15 1
280 12 1
280 13 1
280 14 1
280 15 1
281 12 1
281 13 1
281 14 1
281 15 1
282 12 1
282 13 1
282 14 1
282 15 1
283 12 1
283 13 1
283 14 1
283 15 1
284 12 1
284 13 1
284 14 1
284 15 1
285 12 1
285 13 1
285 14 1
285 15 1
286 12 1
286 13 1
286 14 1
286 15 1
287 12 1
287 13 1
287 14 1
287 15 1
288 12 1
288 13 1
288 14 1
288 15 1
289 12 1
289 13 1
289 14 1
289 15 1
290 12 1
290 13 1
290 14 1
290 15 1
291 12 1
291 13 1
291 14 1
291 15 1
292 12 1
292 13 1
292 14 1
292 15 1
293 12 1
293 13 1
293 14 1
293 15 1
294 12 1
294 13 1
294 14 1
294 15 1
295 12 1
295 13 1
295 14 1
295 15 1
296 12 1
296 13 1
296 14 1
296 15 1
297 12 1
297 13 1
297 14 1
297 15 1
493 12 1
493 13 1
493 14 1
493 15 1
494 12 1
494 13 1
494 14 1
494 15 1
495 12 1
495 13 1
495 14 1
495 15 1
496 12 1
496 13 1
496 14 1
496 15 1
497 12 1
497 13 1
497 14 1
497 15 1
498 12 1
498 13 1
498 14 1
498 15 1
499 12 1
499 13 1
499 14 1
499 15 1
500 12 1
500 13 1
500 14 1
500 15 1
501 12 1
501 13 1
501 14 1
501 15 1
502 12 1
502 13 1
502 14 1
502 15 1
503 12 1
503 13 1
503 14 1
503 15 1
504 12 1
504 13 1
504 14 1
504 15 1
505 12 1
505 13 1
505 14 1
505 15 1
506 12 1
506 13 1
506 14 1
506 15 1
507 12 1
507 13 1
507 14 1
507 15 1
508 12 1
508 13 1
508 14 1
508 15 1
509 12 1
509 13 1
509 14 1
509 15 1
510 12 1
510 13 1
510 14 1
510 15 1
679 12 1
679 13 1
679 14 1
679 15 1
680 12 1
680 13 1
680 14 1
680 15 1
681 12 1
681 13 1
681 14 1
681 15 1
682 12 1
682 13 1
682 14 1
682 15 1
683 12 1
683 13 1
683 14 1
683 15 1
684 12 1
684 13 1
684 14 1
684 15 1
685 12 1
685 13 1
685 14 1
685 15 1
686 12 1
686 13 1
686 14 1
686 15 1
687 12 1
687 13 1
687 14 1
687 15 1
688 12 1
688 13 1
688 14 1
688 15 1
689 12 1
689 13 1
689 14 1
689 15 1
690 12 1
690 13 1
690 14 1
690 15 1
691 12 1
691 13 1
691 14 1
691 15 1
692 12 1
692 13 1
692 14 1
692 15 1
693 12 1
693 13 1
693 14 1
693 15 1
694 12 1
694 13 1
694 14 1
694 15 1
695 12 1
695 13 1
695 14 1
695 15 1
696 12 1
696 13 1
696 14 1
696 15 1
856 12 1
856 13 1
856 14 1
856 15 1
857 12 1
857 13 1
857 14 1
857 15 1
858 12 1
858 13 1
858 14 1
858 15 1
859 12 1
859 13 1
859 14 1
859 15 1
860 12 1
860 13 1
860 14 1
860 15 1
861 12 1
861 13 1
861 14 1
861 15 1
862 12 1
862 13 1
862 14 1
862 15 1
863 12 1
863 13 1
863 14 1
863 15 1
864 12 1
864 13 1
864 14 1
864 15 1
865 12 1
865 13 1
865 14 1
865 15 1
866 12 1
866 13 1
866 14 1
866 15 1
867 12 1
867 13 1
867 14 1
867 15 1
868 12 1
868 13 1
868 14 1
868 15 1
869 12 1
869 13 1
869 14 1
869 15 1
870 12 1
870 13 1
870 14 1
870 15 1
871 12 1
871 13 1
871 14 1
871 15 1
872 12 1
872 13 1
872 14 1
872 15 1
873 12 1
873 13 1
873 14 1
873 15 1
874 12 1
874 13 1
874 14 1
874 15 1
875 12 1
875 13 1
875 14 1
875 15 1
876 12 1
876 13 1
876 14 1
876 15 1
877 12 1
877 13 1
877 14 1
877 15 1
878 12 1
878 13 1
878 14 1
878 15 1
879 12 1
879 13 1
879 14 1
879 15 1
889 12 1
889 13 1
889 14 1
889 15 1
890 12 1
890 13 1
890 14 1
890 15 1
891 12 1
891 13 1
891 14 1
891 15 1
892 12 1
892 13 1
892 14 1
892 15 1
893 12 1
893 13 1
893 14 1
893 15 1
894 12 1
894 13 1
894 14 1
894 15 1
895 12 1
895 13 1
895 14 1
895 15 1
896 12 1
896 13 1
896 14 1
896 15 1
897 12 1
897 13 1
897 14 1
897 15 1
898 12 1
898 13 1
898 14 1
898 15 1
899 12 1
899 13 1
899 14 1
899 15 1
900 12 1
900 13 1
900 14 1
900 15 1
901 12 1
901 13 1
901 14 1
901 15 1
902 12 1
902 13 1
902 14 1
902 15 1
903 12 1
903 13 1
903 14 1
903 15 1
904 12 1
904 13 1
904 14 1
904 15 1
905 12 1
905 13 1
905 14 1
905 15 1
906 12 1
906 13 1
906 14 1
906 15 1
907 12 1
907 13 1
907 14 1
907 15 1
908 12 1
908 13 1
908 14 1
908 15 1
909 12 1
909 13 1
909 14 1
909 15 1
910 12 1
910 13 1
910 14 1
910 15 1
911 12 1
911 13 1
911 14 1
911 15 1
912 12 1
912 13 1
912 14 1
912 15 1
64 8 1
64 9 1
64 10 1
64 11 1
65 8 1
65 9 1
65 10 1
65 11 1
66 8 1
66 9 1
66 10 1
66 11 1
67 8 1
67 9 1
67 10 1
67 11 1
68 8 1
68 9 1
68 10 1
68 11 1
69 8 1
69 9 1
69 10 1
69 11 1
70 8 1
70 9 1
70 10 1
70 11 1
71 8 1
71 9 1
71 10 1
71 11 1
72 8 1
72 9 1
72 10 1
72 11 1
73 8 1
73 9 1
73 10 1
73 11 1
74 8 1
74 9 1
74 10 1
74 11 1
75 8 1
75 9 1
75 10 1
75 11 1
76 8 1
76 9 1
76 10 1
76 11 1
77 8 1
77 9 1
77 10 1
77 11 1
78 8 1
78 9 1
78 10 1
78 11 1
79 8 1
79 9 1
79 10 1
79 11 1
80 8 1
80 9 1
80 10 1
80 11 1
81 8 1
81 9 1
81 10 1
81 11 1
82 8 1
82 9 1
82 10 1
82 11 1
83 8 1
83 9 1
83 10 1
83 11 1
84 8 1
84 9 1
84 10 1
84 11 1
277 8 1
277 9 1
277 10 1
277 11 1
278 8 1
278 9 1
278 10 1
278 11 1
279 8 1
279 9 1
279 10 1
279 11 1
280 8 1
280 9 1
280 10 1
280 11 1
281 8 1
281 9 1
281 10 1
281 11 1
282 8 1
282 9 1
282 10 1
282 11 1
283 8 1
283 9 1
283 10 1
283 11 1
284 8 1
284 9 1
284 10 1
284 11 1
285 8 1
285 9 1
285 10 1
285 11 1
286 8 1
286 9 1
286 10 1
286 11 1
287 8 1
287 9 1
287 10 1
287 11 1
288 8 1
288 9 1
288 10 1
288 11 1
289 8 1
289 9 1
289 10 1
289 11 1
290 8 1
290 9 1
290 10 1
290 11 1
291 8 1
291 9 1
291 10 1
291 11 1
292 8 1
292 9 1
292 10 1
292 11 1
293 8 1
293 9 1
293 10 1
293 11 1
294 8 1
294 9 1
294 10 1
294 11 1
295 8 1
295 9 1
295 10 1
295 11 1
296 8 1
296 9 1
296 10 1
296 11 1
297 8 1
297 9 1
297 10 1
297 11 1
493 8 1
493 9 1
493 10 1
493 11 1
494 8 1
494 9 1
494 10 1
494 11 1
495 8 1
495 9 1
495 10 1
495 11 1
496 8 1
496 9 1
496 10 1
496 11 1
497 8 1
497 9 1
497 10 1
497 11 1
498 8 1
498 9 1
498 10 1
498 11 1
499 8 1
499 9 1
499 10 1
499 11 1
500 8 1
500 9 1
500 10 1
500 11 1
501 8 1
501 9 1
501 10 1
501 11 1
502 8 1
502 9 1
502 10 1
502 11 1
503 8 1
503 9 1
503 10 1
503 11 1
504 8 1
504 9 1
504 10 1
504 11 1
505 8 1
505 9 1
505 10 1
505 11 1
506 8 1
506 9 1
506 10 1
506 11 1
507 8 1
507 9 1
507 10 1
507 11 1
508 8 1
508 9 1
508 10 1
508 11 1
509 8 1
509 9 1
509 10 1
509 11 1
510 8 1
510 9 1
510 10 1
510 11 1
679 8 1
679 9 1
679 10 1
679 11 1
680 8 1
680 9 1
680 10 1
680 11 1
681 8 1
681 9 1
681 10 1
681 11 1
682 8 1
682 9 1
682 10 1
682 11 1
683 8 1
683 9 1
683 10 1
683 11 1
684 8 1
684 9 1
684 10 1
684 11 1
685 8 1
685 9 1
685 10 1
685 11 1
686 8 1
686 9 1
686 10 1
686 11 1
687 8 1
687 9 1
687 10 1
687 11 1
688 8 1
688 9 1
688 10 1
688 11 1
689 8 1
689 9 1
689 10 1
689 11 1
690 8 1
690 9 1
690 10 1
690 11 1
691 8 1
691 9 1
691 10 1
691 11 1
692 8 1
692 9 1
692 10 1
692 11 1
693 8 1
693 9 1
693 10 1
693 11 1
694 8 1
694 9 1
694 10 1
694 11 1
695 8 1
695 9 1
695 10 1
695 11 1
696 8 1
696 9 1
696 10 1
696 11 1
856 8 1
856 9 1
856 10 1
856 11 1
857 8 1
857 9 1
857 10 1
857 11 1
858 8 1
858 9 1
858 10 1
858 11 1
859 8 1
859 9 1
859 10 1
859 11 1
860 8 1
860 9 1
860 10 1
860 11 1
861 8 1
861 9 1
861 10 1
861 11 1
862 8 1
862 9 1
862 10 1
862 11 1
863 8 1
863 9 1
863 10 1
863 11 1
864 8 1
864 9 1
864 10 1
864 11 1
865 8 1
865 9 1
865 10 1
865 11 1
866 8 1
866 9 1
866 10 1
866 11 1
867 8 1
867 9 1
867 10 1
867 11 1
868 8 1
868 9 1
868 10 1
868 11 1
869 8 1
869 9 1
869 10 1
869 11 1
870 8 1
870 9 1
870 10 1
870 11 1
871 8 1
871 9 1
871 10 1
871 11 1
872 8 1
872 9 1
872 10 1
872 11 1
873 8 1
873 9 1
873 10 1
873 11 1
874 8 1
874 9 1
874 10 1
874 11 1
875 8 1
875 9 1
875 10 1
875 11 1
876 8 1
876 9 1
876 10 1
876 11 1
892 8 1
892 9 1
892 10 1
892 11 1
893 8 1
893 9 1
893 10 1
893 11 1
894 8 1
894 9 1
894 10 1
894 11 1
895 8 1
895 9 1
895 10 1
895 11 1
896 8 1
896 9 1
896 10 1
896 11 1
897 8 1
897 9 1
897 10 1
897 11 1
898 8 1
898 9 1
898 10 1
898 11 1
899 8 1
899 9 1
899 10 1
899 11 1
900 8 1
900 9 1
900 10 1
900 11 1
901 8 1
901 9 1
901 10 1
901 11 1
902 8 1
902 9 1
902 10 1
902 11 1
903 8 1
903 9 1
903 10 1
903 11 1
904 8 1
904 9 1
904 10 1
904 11 1
905 8 1
905 9 1
905 10 1
905 11 1
906 8 1
906 9 1
906 10 1
906 11 1
907 8 1
907 9 1
907 10 1
907 11 1
908 8 1
908 9 1
908 10 1
908 11 1
909 8 1
909 9 1
909 10 1
909 11 1
910 8 1
910 9 1
910 10 1
910 11 1
911 8 1
911 9 1
911 10 1
911 11 1
912 8 1
912 9 1
912 10 1
912 11 1
64 4 1
64 5 1
64 6 1
64 7 1
65 4 1
65 5 1
65 6 1
65 7 1
66 4 1
66 5 1
66 6 1
66 7 1
67 4 1
67 5 1
67 6 1
67 7 1
68 4 1
68 5 1
68 6 1
68 7 1
69 4 1
69 5 1
69 6 1
69 7 1
70 4 1
70 5 1
70 6 1
70 7 1
71 4 1
71 5 1
71 6 1
71 7 1
72 4 1
72 5 1
72 6 1
72 7 1
73 4 1
73 5 1
73 6 1
73 7 1
74 4 1
74 5 1
74 6 1
74 7 1
75 4 1
75 5 1
75 6 1
75 7 1
76 4 1
76 5 1
76 6 1
76 7 1
77 4 1
77 5 1
77 6 1
77 7 1
78 4 1
78 5 1
78 6 1
78 7 1
79 4 1
79 5 1
79 6 1
79 7 1
80 4 1
80 5 1
80 6 1
80 7 1
81 4 1
81 5 1
81 6 1
81 7 1
82 4 1
82 5 1
82 6 1
82 7 1
83 4 1
83 5 1
83 6 1
83 7 1
84 4 1
84 5 1
84 6 1
84 7 1
280 4 1
280 5 1
280 6 1
280 7 1
281 4 1
281 5 1
281 6 1
281 7 1
282 4 1
282 5 1
282 6 1
282 7 1
283 4 1
283 5 1
283 6 1
283 7 1
284 4 1
284 5 1
284 6 1
284 7 1
285 4 1
285 5 1
285 6 1
285 7 1
286 4 1
286 5 1
286 6 1
286 7 1
287 4 1
287 5 1
287 6 1
287 7 1
288 4 1
288 5 1
288 6 1
288 7 1
289 4 1
289 5 1
289 6 1
289 7 1
290 4 1
290 5 1
290 6 1
290 7 1
291 4 1
291 5 1
291 6 1
291 7 1
292 4 1
292 5 1
292 6 1
292 7 1
293 4 1
293 5 1
293 6 1
293 7 1
294 4 1
294 5 1
294 6 1
294 7 1
295 4 1
295 5 1
295 6 1
295 7 1
296 4 1
296 5 1
296 6 1
296 7 1
297 4 1
297 5 1
297 6 1
297 7 1
298 4 1
298 5 1
298 6 1
298 7 1
299 4 1
299 5 1
299 6 1
299 7 1
300 4 1
300 5 1
300 6 1
300 7 1
301 4 1
301 5 1
301 6 1
301 7 1
302 4 1
302 5 1
302 6 1
302 7 1
303 4 1
303 5 1
303 6 1
303 7 1
304 4 1
304 5 1
304 6 1
304 7 1
305 4 1
305 5 1
305 6 1
305 7 1
306 4 1
306 5 1
306 6 1
306 7 1
493 4 1
493 5 1
493 6 1
493 7 1
494 4 1
494 5 1
494 6 1
494 7 1
495 4 1
495 5 1
495 6 1
495 7 1
496 4 1
496 5 1
496 6 1
496 7 1
497 4 1
497 5 1
497 6 1
497 7 1
498 4 1
498 5 1
498 6 1
498 7 1
499 4 1
499 5 1
499 6 1
499 7 1
500 4 1
500 5 1
500 6 1
500 7 1
501 4 1
501 5 1
501 6 1
501 7 1
502 4 1
502 5 1
502 6 1
502 7 1
503 4 1
503 5 1
503 6 1
503 7 1
504 4 1
504 5 1
504 6 1
504 7 1
505 4 1
505 5 1
505 6 1
505 7 1
506 4 1
506 5 1
506 6 1
506 7 1
507 4 1
507 5 1
507 6 1
507 7 1
508 4 1
508 5 1
508 6 1
508 7 1
509 4 1
509 5 1
509 6 1
509 7 1
510 4 1
510 5 1
510 6 1
510 7 1
679 4 1
679 5 1
679 6 1
679 7 1
680 4 1
680 5 1
680 6 1
680 7 1
681 4 1
681 5 1
681 6 1
681 7 1
682 4 1
682 5 1
682 6 1
682 7 1
683 4 1
683 5 1
683 6 1
683 7 1
684 4 1
684 5 1
684 6 1
684 7 1
685 4 1
685 5 1
685 6 1
685 7 1
686 4 1
686 5 1
686 6 1
686 7 1
687 4 1
687 5 1
687 6 1
687 7 1
688 4 1
688 5 1
688 6 1
688 7 1
689 4 1
689 5 1
689 6 1
689 7 1
690 4 1
690 5 1
690 6 1
690 7 1
691 4 1
691 5 1
691 6 1
691 7 1
692 4 1
692 5 1
692 6 1
692 7 1
693 4 1
693 5 1
693 6 1
693 7 1
694 4 1
694 5 1
694 6 1
694 7 1
695 4 1
695 5 1
695 6 1
695 7 1
696 4 1
696 5 1
696 6 1
696 7 1
856 4 1
856 5 1
856 6 1
856 7 1
857 4 1
857 5 1
857 6 1
857 7 1
858 4 1
858 5 1
858 6 1
858 7 1
859 4 1
859 5 1
859 6 1
859 7 1
860 4 1
860 5 1
860 6 1
860 7 1
861 4 1
861 5 1
861 6 1
861 7 1
862 4 1
862 5 1
862 6 1
862 7 1
863 4 1
863 5 1
863 6 1
863 7 1
864 4 1
864 5 1
864 6 1
864 7 1
865 4 1
865 5 1
865 6 1
865 7 1
866 4 1
866 5 1
866 6 1
866 7 1
867 4 1
867 5 1
867 6 1
867 7 1
868 4 1
868 5 1
868 6 1
868 7 1
869 4 1
869 5 1
869 6 1
869 7 1
870 4 1
870 5 1
870 6 1
870 7 1
871 4 1
871 5 1
871 6 1
871 7 1
872 4 1
872 5 1
872 6 1
872 7 1
873 4 1
873 5 1
873 6 1
873 7 1
874 4 1
874 5 1
874 6 1
874 7 1
875 4 1
875 5 1
875 6 1
875 7 1
876 4 1
876 5 1
876 6 1
876 7 1
892 4 1
892 5 1
892 6 1
892 7 1
893 4 1
893 5 1
893 6 1
893 7 1
894 4 1
894 5 1
894 6 1
894 7 1
895 4 1
895 5 1
895 6 1
895 7 1
896 4 1
896 5 1
896 6 1
896 7 1
897 4 1
897 5 1
897 6 1
897 7 1
898 4 1
898 5 1
898 6 1
898 7 1
899 4 1
899 5 1
899 6 1
899 7 1
900 4 1
900 5 1
900 6 1
900 7 1
901 4 1
901 5 1
901 6 1
901 7 1
902 4 1
902 5 1
902 6 1
902 7 1
903 4 1
903 5 1
903 6 1
903 7 1
904 4 1
904 5 1
904 6 1
904 7 1
905 4 1
905 5 1
905 6 1
905 7 1
906 4 1
906 5 1
906 6 1
906 7 1
907 4 1
907 5 1
907 6 1
907 7 1
908 4 1
908 5 1
908 6 1
908 7 1
909 4 1
909 5 1
909 6 1
909 7 1
910 4 1
910 5 1
910 6 1
910 7 1
911 4 1
911 5 1
911 6 1
911 7 1
912 4 1
912 5 1
912 6 1
912 7 1
64 0 1
64 1 1
64 2 1
64 3 1
65 0 1
65 1 1
65 2 1
65 3 1
66 0 1
66 1 1
66 2 1
66 3 1
67 0 1
67 1 1
67 2 1
67 3 1
68 0 1
68 1 1
68 2 1
68 3 1
69 0 1
69 1 1
69 2 1
69 3 1
70 0 1
70 1 1
70 2 1
70 3 1
71 0 1
71 1 1
71 2 1
71 3 1
72 0 1
72 1 1
72 2 1
72 3 1
73 0 1
73 1 1
73 2 1
73 3 1
74 0 1
74 1 1
74 2 1
74 3 1
75 0 1
75 1 1
75 2 1
75 3 1
76 0 1
76 1 1
76 2 1
76 3 1
77 0 1
77 1 1
77 2 1
77 3 1
78 0 1
78 1 1
78 2 1
78 3 1
79 0 1
79 1 1
79 2 1
79 3 1
80 0 1
80 1 1
80 2 1
80 3 1
81 0 1
81 1 1
81 2 1
81 3 1
82 0 1
82 1 1
82 2 1
82 3 1
83 0 1
83 1 1
83 2 1
83 3 1
84 0 1
84 1 1
84 2 1
84 3 1
283 0 1
283 1 1
283 2 1
283 3 1
284 0 1
284 1 1
284 2 1
284 3 1
285 0 1
285 1 1
285 2 1
285 3 1
286 0 1
286 1 1
286 2 1
286 3 1
287 0 1
287 1 1
287 2 1
287 3 1
288 0 1
288 1 1
288 2 1
288 3 1
289 0 1
289 1 1
289 2 1
289 3 1
290 0 1
290 1 1
290 2 1
290 3 1
291 0 1
291 1 1
291 2 1
291 3 1
292 0 1
292 1 1
292 2 1
292 3 1
293 0 1
293 1 1
293 2 1
293 3 1
294 0 1
294 1 1
294 2 1
294 3 1
295 0 1
295 1 1
295 2 1
295 3 1
296 0 1
296 1 1
296 2 1
296 3 1
297 0 1
297 1 1
297 2 1
297 3 1
298 0 1
298 1 1
298 2 1
298 3 1
299 0 1
299 1 1
299 2 1
299 3 1
300 0 1
300 1 1
300 2 1
300 3 1
301 0 1
301 1 1
301 2 1
301 3 1
302 0 1
302 1 1
302 2 1
302 3 1
303 0 1
303 1 1
303 2 1
303 3 1
304 0 1
304 1 1
304 2 1
304 3 1
305 0 1
305 1 1
305 2 1
305 3 1
306 0 1
306 1 1
306 2 1
306 3 1
307 0 1
307 1 1
307 2 1
307 3 1
308 0 1
308 1 1
308 2 1
308 3 1
309 0 1
309 1 1
309 2 1
309 3 1
310 0 1
310 1 1
310 2 1
310 3 1
311 0 1
311 1 1
311 2 1
311 3 1
312 0 1
312 1 1
312 2 1
312 3 1
313 0 1
313 1 1
313 2 1
313 3 1
314 0 1
314 1 1
314 2 1
314 3 1
315 0 1
315 1 1
315 2 1
315 3 1
316 0 1
316 1 1
316 2 1
316 3 1
317 0 1
317 1 1
317 2 1
317 3 1
318 0 1
318 1 1
318 2 1
318 3 1
319 0 1
319 1 1
319 2 1
319 3 1
320 0 1
320 1 1
320 2 1
320 3 1
321 0 1
321 1 1
321 2 1
321 3 1
493 0 1
493 1 1
493 2 1
493 3 1
494 0 1
494 1 1
494 2 1
494 3 1
495 0 1
495 1 1
495 2 1
495 3 1
496 0 1
496 1 1
496 2 1
496 3 1
497 0 1
497 1 1
497 2 1
497 3 1
498 0 1
498 1 1
498 2 1
498 3 1
499 0 1
499 1 1
499 2 1
499 3 1
500 0 1
500 1 1
500 2 1
500 3 1
501 0 1
501 1 1
501 2 1
501 3 1
502 0 1
502 1 1
502 2 1
502 3 1
503 0 1
503 1 1
503 2 1
503 3 1
504 0 1
504 1 1
504 2 1
504 3 1
505 0 1
505 1 1
505 2 1
505 3 1
506 0 1
506 1 1
506 2 1
506 3 1
507 0 1
507 1 1
507 2 1
507 3 1
508 0 1
508 1 1
508 2 1
508 3 1
509 0 1
509 1 1
509 2 1
509 3 1
510 0 1
510 1 1
510 2 1
510 3 1
679 0 1
679 1 1
679 2 1
679 3 1
680 0 1
680 1 1
680 2 1
680 3 1
681 0 1
681 1 1
681 2 1
681 3 1
682 0 1
682 1 1
682 2 1
682 3 1
683 0 1
683 1 1
683 2 1
683 3 1
684 0 1
684 1 1
684 2 1
684 3 1
685 0 1
685 1 1
685 2 1
685 3 1
686 0 1
686 1 1
686 2 1
686 3 1
687 0 1
687 1 1
687 2 1
687 3 1
688 0 1
688 1 1
688 2 1
688 3 1
689 0 1
689 1 1
689 2 1
689 3 1
690 0 1
690 1 1
690 2 1
690 3 1
691 0 1
691 1 1
691 2 1
691 3 1
692 0 1
692 1 1
692 2 1
692 3 1
693 0 1
693 1 1
693 2 1
693 3 1
694 0 1
694 1 1
694 2 1
694 3 1
695 0 1
695 1 1
695 2 1
695 3 1
696 0 1
696 1 1
696 2 1
696 3 1
856 0 1
856 1 1
856 2 1
856 3 1
857 0 1
857 1 1
857 2 1
857 3 1
858 0 1
858 1 1
858 2 1
858 3 1
859 0 1
859 1 1
859 2 1
859 3 1
860 0 1
860 1 1
860 2 1
860 3 1
861 0 1
861 1 1
861 2 1
861 3 1
862 0 1
862 1 1
862 2 1
862 3 1
863 0 1
863 1 1
863 2 1
863 3 1
864 0 1
864 1 1
864 2 1
864 3 1
865 0 1
865 1 1
865 2 1
865 3 1
866 0 1
866 1 1
866 2 1
866 3 1
867 0 1
867 1 1
867 2 1
867 3 1
868 0 1
868 1 1
868 2 1
868 3 1
869 0 1
869 1 1
869 2 1
869 3 1
870 0 1
870 1 1
870 2 1
870 3 1
871 0 1
871 1 1
871 2 1
871 3 1
872 0 1
872 1 1
872 2 1
872 3 1
873 0 1
873 1 1
873 2 1
873 3 1
874 0 1
874 1 1
874 2 1
874 3 1
875 0 1
875 1 1
875 2 1
875 3 1
876 0 1
876 1 1
876 2 1
876 3 1
880 0 1
880 1 1
880 2 1
880 3 1
881 0 1
881 1 1
881 2 1
881 3 1
882 0 1
882 1 1
882 2 1
882 3 1
883 0 1
883 1 1
883 2 1
883 3 1
884 0 1
884 1 1
884 2 1
884 3 1
885 0 1
885 1 1
885 2 1
885 3 1
886 0 1
886 1 1
886 2 1
886 3 1
887 0 1
887 1 1
887 2 1
887 3 1
888 0 1
888 1 1
888 2 1
888 3 1
892 0 1
892 1 1
892 2 1
892 3 1
893 0 1
893 1 1
893 2 1
893 3 1
894 0 1
894 1 1
894 2 1
894 3 1
895 0 1
895 1 1
895 2 1
895 3 1
896 0 1
896 1 1
896 2 1
896 3 1
897 0 1
897 1 1
897 2 1
897 3 1
898 0 1
898 1 1
898 2 1
898 3 1
899 0 1
899 1 1
899 2 1
899 3 1
900 0 1
900 1 1
900 2 1
900 3 1
901 0 1
901 1 1
901 2 1
901 3 1
902 0 1
902 1 1
902 2 1
902 3 1
903 0 1
903 1 1
903 2 1
903 3 1
904 0 1
904 1 1
904 2 1
904 3 1
905 0 1
905 1 1
905 2 1
905 3 1
906 0 1
906 1 1
906 2 1
906 3 1
907 0 1
907 1 1
907 2 1
907 3 1
908 0 1
908 1 1
908 2 1
908 3 1
909 0 1
909 1 1
909 2 1
909 3 1
910 0 1
910 1 1
910 2 1
910 3 1
911 0 1
911 1 1
911 2 1
911 3 1
912 0 1
912 1 1
912 2 1
912 3 1
64 -4 1
64 -3 1
64 -2 1
64 -1 1
65 -4 1
65 -3 1
65 -2 1
65 -1 1
66 -4 1
66 -3 1
66 -2 1
66 -1 1
67 -4 1
67 -3 1
67 -2 1
67 -1 1
68 -4 1
68 -3 1
68 -2 1
68 -1 1
69 -4 1
69 -3 1
69 -2 1
69 -1 1
70 -4 1
70 -3 1
70 -2 1
70 -1 1
71 -4 1
71 -3 1
71 -2 1
71 -1 1
72 -4 1
72 -3 1
72 -2 1
72 -1 1
73 -4 1
73 -3 1
73 -2 1
73 -1 1
74 -4 1
74 -3 1
74 -2 1
74 -1 1
75 -4 1
75 -3 1
75 -2 1
75 -1 1
76 -4 1
76 -3 1
76 -2 1
76 -1 1
77 -4 1
77 -3 1
77 -2 1
77 -1 1
78 -4 1
78 -3 1
78 -2 1
78 -1 1
79 -4 1
79 -3 1
79 -2 1
79 -1 1
80 -4 1
80 -3 1
80 -2 1
80 -1 1
81 -4 1
81 -3 1
81 -2 1
81 -1 1
82 -4 1
82 -3 1
82 -2 1
82 -1 1
83 -4 1
83 -3 1
83 -2 1
83 -1 1
84 -4 1
84 -3 1
84 -2 1
84 -1 1
289 -4 1
289 -3 1
289 -2 1
289 -1 1
290 -4 1
290 -3 1
290 -2 1
290 -1 1
291 -4 1
291 -3 1
291 -2 1
291 -1 1
292 -4 1
292 -3 1
292 -2 1
292 -1 1
293 -4 1
293 -3 1
293 -2 1
293 -1 1
294 -4 1
294 -3 1
294 -2 1
294 -1 1
295 -4 1
295 -3 1
295 -2 1
295 -1 1
296 -4 1
296 -3 1
296 -2 1
296 -1 1
297 -4 1
297 -3 1
297 -2 1
297 -1 1
298 -4 1
298 -3 1
298 -2 1
298 -1 1
299 -4 1
299 -3 1
299 -2 1
299 -1 1
300 -4 1
300 -3 1
300 -2 1
300 -1 1
301 -4 1
301 -3 1
301 -2 1
301 -1 1
302 -4 1
302 -3 1
302 -2 1
302 -1 1
303 -4 1
303 -3 1
303 -2 1
303 -1 1
304 -4 1
304 -3 1
304 -2 1
304 -1 1
305 -4 1
305 -3 1
305 -2 1
305 -1 1
306 -4 1
306 -3 1
306 -2 1
306 -1 1
307 -4 1
307 -3 1
307 -2 1
307 -1 1
308 -4 1
308 -3 1
308 -2 1
308 -1 1
309 -4 1
309 -3 1
309 -2 1
309 -1 1
310 -4 1
310 -3 1
310 -2 1
310 -1 1
311 -4 1
311 -3 1
311 -2 1
311 -1 1
312 -4 1
312 -3 1
312 -2 1
312 -1 1
313 -4 1
313 -3 1
313 -2 1
313 -1 1
314 -4 1
314 -3 1
314 -2 1
314 -1 1
315 -4 1
315 -3 1
315 -2 1
315 -1 1
316 -4 1
316 -3 1
316 -2 1
316 -1 1
317 -4 1
317 -3 1
317 -2 1
317 -1 1
318 -4 1
318 -3 1
318 -2 1
318 -1 1
319 -4 1
319 -3 1
319 -2 1
319 -1 1
320 -4 1
320 -3 1
320 -2 1
320 -1 1
321 -4 1
321 -3 1
321 -2 1
321 -1 1
322 -4 1
322 -3 1
322 -2 1
322 -1 1
323 -4 1
323 -3 1
323 -2 1
323 -1 1
324 -4 1
324 -3 1
324 -2 1
324 -1 1
325 -4 1
325 -3 1
325 -2 1
325 -1 1
326 -4 1
326 -3 1
326 -2 1
326 -1 1
327 -4 1
327 -3 1
327 -2 1
327 -1 1
493 -4 1
493 -3 1
493 -2 1
493 -1 1
494 -4 1
494 -3 1
494 -2 1
494 -1 1
495 -4 1
495 -3 1
495 -2 1
495 -1 1
496 -4 1
496 -3 1
496 -2 1
496 -1 1
497 -4 1
497 -3 1
497 -2 1
497 -1 1
498 -4 1
498 -3 1
498 -2 1
498 -1 1
499 -4 1
499 -3 1
499 -2 1
499 -1 1
500 -4 1
500 -3 1
500 -2 1
500 -1 1
501 -4 1
501 -3 1
501 -2 1
501 -1 1
502 -4 1
502 -3 1
502 -2 1
502 -1 1
503 -4 1
503 -3 1
503 -2 1
503 -1 1
504 -4 1
504 -3 1
504 -2 1
504 -1 1
505 -4 1
505 -3 1
505 -2 1
505 -1 1
506 -4 1
506 -3 1
506 -2 1
506 -1 1
507 -4 1
507 -3 1
507 -2 1
507 -1 1
508 -4 1
508 -3 1
508 -2 1
508 -1 1
509 -4 1
509 -3 1
509 -2 1
509 -1 1
510 -4 1
510 -3 1
510 -2 1
510 -1 1
679 -4 1
679 -3 1
679 -2 1
679 -1 1
680 -4 1
680 -3 1
680 -2 1
680 -1 1
681 -4 1
681 -3 1
681 -2 1
681 -1 1
682 -4 1
682 -3 1
682 -2 1
682 -1 1
683 -4 1
683 -3 1
683 -2 1
683 -1 1
684 -4 1
684 -3 1
684 -2 1
684 -1 1
685 -4 1
685 -3 1
685 -2 1
685 -1 1
686 -4 1
686 -3 1
686 -2 1
686 -1 1
687 -4 1
687 -3 1
687 -2 1
687 -1 1
688 -4 1
688 -3 1
688 -2 1
688 -1 1
689 -4 1
689 -3 1
689 -2 1
689 -1 1
690 -4 1
690 -3 1
690 -2 1
690 -1 1
691 -4 1
691 -3 1
691 -2 1
691 -1 1
692 -4 1
692 -3 1
692 -2 1
692 -1 1
693 -4 1
693 -3 1
693 -2 1
693 -1 1
694 -4 1
694 -3 1
694 -2 1
694 -1 1
695 -4 1
695 -3 1
695 -2 1
695 -1 1
696 -4 1
696 -3 1
696 -2 1
696 -1 1
856 -4 1
856 -3 1
856 -2 1
856 -1 1
857 -4 1
857 -3 1
857 -2 1
857 -1 1
858 -4 1
858 -3 1
858 -2 1
858 -1 1
859 -4 1
859 -3 1
859 -2 1
859 -1 1
860 -4 1
860 -3 1
860 -2 1
860 -1 1
861 -4 1
861 -3 1
861 -2 1
861 -1 1
862 -4 1
862 -3 1
862 -2 1
862 -1 1
863 -4 1
863 -3 1
863 -2 1
863 -1 1
864 -4 1
864 -3 1
864 -2 1
864 -1 1
865 -4 1
865 -3 1
865 -2 1
865 -1 1
866 -4 1
866 -3 1
866 -2 1
866 -1 1
867 -4 1
867 -3 1
867 -2 1
867 -1 1
868 -4 1
868 -3 1
868 -2 1
868 -1 1
869 -4 1
869 -3 1
869 -2 1
869 -1 1
870 -4 1
870 -3 1
870 -2 1
870 -1 1
871 -4 1
871 -3 1
871 -2 1
871 -1 1
872 -4 1
872 -3 1
872 -2 1
872 -1 1
873 -4 1
873 -3 1
873 -2 1
873 -1 1
874 -4 1
874 -3 1
874 -2 1
874 -1 1
875 -4 1
875 -3 1
875 -2 1
875 -1 1
876 -4 1
876 -3 1
876 -2 1
876 -1 1
880 -4 1
880 -3 1
880 -2 1
880 -1 1
881 -4 1
881 -3 1
881 -2 1
881 -1 1
882 -4 1
882 -3 1
882 -2 1
882 -1 1
883 -4 1
883 -3 1
883 -2 1
883 -1 1
884 -4 1
884 -3 1
884 -2 1
884 -1 1
885 -4 1
885 -3 1
885 -2 1
885 -1 1
886 -4 1
886 -3 1
886 -2 1
886 -1 1
887 -4 1
887 -3 1
887 -2 1
887 -1 1
888 -4 1
888 -3 1
888 -2 1
888 -1 1
892 -4 1
892 -3 1
892 -2 1
892 -1 1
893 -4 1
893 -3 1
893 -2 1
893 -1 1
894 -4 1
894 -3 1
894 -2 1
894 -1 1
895 -4 1
895 -3 1
895 -2 1
895 -1 1
896 -4 1
896 -3 1
896 -2 1
896 -1 1
897 -4 1
897 -3 1
897 -2 1
897 -1 1
898 -4 1
898 -3 1
898 -2 1
898 -1 1
899 -4 1
899 -3 1
899 -2 1
899 -1 1
900 -4 1
900 -3 1
900 -2 1
900 -1 1
901 -4 1
901 -3 1
901 -2 1
901 -1 1
902 -4 1
902 -3 1
902 -2 1
902 -1 1
903 -4 1
903 -3 1
903 -2 1
903 -1 1
904 -4 1
904 -3 1
904 -2 1
904 -1 1
905 -4 1
905 -3 1
905 -2 1
905 -1 1
906 -4 1
906 -3 1
906 -2 1
906 -1 1
907 -4 1
907 -3 1
907 -2 1
907 -1 1
908 -4 1
908 -3 1
908 -2 1
908 -1 1
909 -4 1
909 -3 1
909 -2 1
909 -1 1
910 -4 1
910 -3 1
910 -2 1
910 -1 1
911 -4 1
911 -3 1
911 -2 1
911 -1 1
912 -4 1
912 -3 1
912 -2 1
912 -1 1
64 -8 1
64 -7 1
64 -6 1
64 -5 1
65 -8 1
65 -7 1
65 -6 1
65 -5 1
66 -8 1
66 -7 1
66 -6 1
66 -5 1
67 -8 1
67 -7 1
67 -6 1
67 -5 1
68 -8 1
68 -7 1
68 -6 1
68 -5 1
69 -8 1
69 -7 1
69 -6 1
69 -5 1
70 -8 1
70 -7 1
70 -6 1
70 -5 1
71 -8 1
71 -7 1
71 -6 1
71 -5 1
72 -8 1
72 -7 1
72 -6 1
72 -5 1
73 -8 1
73 -7 1
73 -6 1
73 -5 1
74 -8 1
74 -7 1
74 -6 1
74 -5 1
75 -8 1
75 -7 1
75 -6 1
75 -5 1
76 -8 1
76 -7 1
76 -6 1
76 -5 1
77 -8 1
77 -7 1
77 -6 1
77 -5 1
78 -8 1
78 -7 1
78 -6 1
78 -5 1
79 -8 1
79 -7 1
79 -6 1
79 -5 1
80 -8 1
80 -7 1
80 -6 1
80 -5 1
81 -8 1
81 -7 1
81 -6 1
81 -5 1
82 -8 1
82 -7 1
82 -6 1
82 -5 1
83 -8 1
83 -7 1
83 -6 1
83 -5 1
84 -8 1
84 -7 1
84 -6 1
84 -5 1
298 -8 1
298 -7 1
298 -6 1
298 -5 1
299 -8 1
299 -7 1
299 -6 1
299 -5 1
300 -8 1
300 -7 1
300 -6 1
300 -5 1
301 -8 1
301 -7 1
301 -6 1
301 -5 1
302 -8 1
302 -7 1
302 -6 1
302 -5 1
303 -8 1
303 -7 1
303 -6 1
303 -5 1
304 -8 1
304 -7 1
304 -6 1
304 -5 1
305 -8 1
305 -7 1
305 -6 1
305 -5 1
306 -8 1
306 -7 1
306 -6 1
306 -5 1
307 -8 1
307 -7 1
307 -6 1
307 -5 1
308 -8 1
308 -7 1
308 -6 1
308 -5 1
309 -8 1
309 -7 1
309 -6 1
309 -5 1
310 -8 1
310 -7 1
310 -6 1
310 -5 1
311 -8 1
311 -7 1
311 -6 1
311 -5 1
312 -8 1
312 -7 1
312 -6 1
312 -5 1
313 -8 1
313 -7 1
313 -6 1
313 -5 1
314 -8 1
314 -7 1
314 -6 1
314 -5 1
315 -8 1
315 -7 1
315 -6 1
315 -5 1
316 -8 1
316 -7 1
316 -6 1
316 -5 1
317 -8 1
317 -7 1
317 -6 1
317 -5 1
318 -8 1
318 -7 1
318 -6 1
318 -5 1
319 -8 1
319 -7 1
319 -6 1
319 -5 1
320 -8 1
320 -7 1
320 -6 1
320 -5 1
321 -8 1
321 -7 1
321 -6 1
321 -5 1
322 -8 1
322 -7 1
322 -6 1
322 -5 1
323 -8 1
323 -7 1
323 -6 1
323 -5 1
324 -8 1
324 -7 1
324 -6 1
324 -5 1
325 -8 1
325 -7 1
325 -6 1
325 -5 1
326 -8 1
326 -7 1
326 -6 1
326 -5 1
327 -8 1
327 -7 1
327 -6 1
327 -5 1
328 -8 1
328 -7 1
328 -6 1
328 -5 1
329 -8 1
329 -7 1
329 -6 1
329 -5 1
330 -8 1
330 -7 1
330 -6 1
330 -5 1
493 -8 1
493 -7 1
493 -6 1
493 -5 1
494 -8 1
494 -7 1
494 -6 1
494 -5 1
495 -8 1
495 -7 1
495 -6 1
495 -5 1
496 -8 1
496 -7 1
496 -6 1
496 -5 1
497 -8 1
497 -7 1
497 -6 1
497 -5 1
498 -8 1
498 -7 1
498 -6 1
498 -5 1
499 -8 1
499 -7 1
499 -6 1
499 -5 1
500 -8 1
500 -7 1
500 -6 1
500 -5 1
501 -8 1
501 -7 1
501 -6 1
501 -5 1
502 -8 1
502 -7 1
502 -6 1
502 -5 1
503 -8 1
503 -7 1
503 -6 1
503 -5 1
504 -8 1
504 -7 1
504 -6 1
504 -5 1
505 -8 1
505 -7 1
505 -6 1
505 -5 1
506 -8 1
506 -7 1
506 -6 1
506 -5 1
507 -8 1
507 -7 1
507 -6 1
507 -5 1
508 -8 1
508 -7 1
508 -6 1
508 -5 1
509 -8 1
509 -7 1
509 -6 1
509 -5 1
510 -8 1
510 -7 1
510 -6 1
510 -5 1
679 -8 1
679 -7 1
679 -6 1
679 -5 1
680 -8 1
680 -7 1
680 -6 1
680 -5 1
681 -8 1
681 -7 1
681 -6 1
681 -5 1
682 -8 1
682 -7 1
682 -6 1
682 -5 1
683 -8 1
683 -7 1
683 -6 1
683 -5 1
684 -8 1
684 -7 1
684 -6 1
684 -5 1
685 -8 1
685 -7 1
685 -6 1
685 -5 1
686 -8 1
686 -7 1
686 -6 1
686 -5 1
687 -8 1
687 -7 1
687 -6 1
687 -5 1
688 -8 1
688 -7 1
688 -6 1
688 -5 1
689 -8 1
689 -7 1
689 -6 1
689 -5 1
690 -8 1
690 -7 1
690 -6 1
690 -5 1
691 -8 1
691 -7 1
691 -6 1
691 -5 1
692 -8 1
692 -7 1
692 -6 1
692 -5 1
693 -8 1
693 -7 1
693 -6 1
693 -5 1
694 -8 1
694 -7 1
694 -6 1
694 -5 1
695 -8 1
695 -7 1
695 -6 1
695 -5 1
696 -8 1
696 -7 1
696 -6 1
696 -5 1
856 -8 1
856 -7 1
856 -6 1
856 -5 1
857 -8 1
857 -7 1
857 -6 1
857 -5 1
858 -8 1
858 -7 1
858 -6 1
858 -5 1
859 -8 1
859 -7 1
859 -6 1
859 -5 1
860 -8 1
860 -7 1
860 -6 1
860 -5 1
861 -8 1
861 -7 1
861 -6 1
861 -5 1
862 -8 1
862 -7 1
862 -6 1
862 -5 1
863 -8 1
863 -7 1
863 -6 1
863 -5 1
864 -8 1
864 -7 1
864 -6 1
864 -5 1
865 -8 1
865 -7 1
865 -6 1
865 -5 1
866 -8 1
866 -7 1
866 -6 1
866 -5 1
867 -8 1
867 -7 1
867 -6 1
867 -5 1
868 -8 1
868 -7 1
868 -6 1
868 -5 1
869 -8 1
869 -7 1
869 -6 1
869 -5 1
870 -8 1
870 -7 1
870 -6 1
870 -5 1
871 -8 1
871 -7 1
871 -6 1
871 -5 1
872 -8 1
872 -7 1
872 -6 1
872 -5 1
873 -8 1
873 -7 1
873 -6 1
873 -5 1
874 -8 1
874 -7 1
874 -6 1
874 -5 1
875 -8 1
875 -7 1
875 -6 1
875 -5 1
876 -8 1
876 -7 1
876 -6 1
876 -5 1
892 -8 1
892 -7 1
892 -6 1
892 -5 1
893 -8 1
893 -7 1
893 -6 1
893 -5 1
894 -8 1
894 -7 1
894 -6 1
894 -5 1
895 -8 1
895 -7 1
895 -6 1
895 -5 1
896 -8 1
896 -7 1
896 -6 1
896 -5 1
897 -8 1
897 -7 1
897 -6 1
897 -5 1
898 -8 1
898 -7 1
898 -6 1
898 -5 1
899 -8 1
899 -7 1
899 -6 1
899 -5 1
900 -8 1
900 -7 1
900 -6 1
900 -5 1
901 -8 1
901 -7 1
901 -6 1
901 -5 1
902 -8 1
902 -7 1
902 -6 1
902 -5 1
903 -8 1
903 -7 1
903 -6 1
903 -5 1
904 -8 1
904 -7 1
904 -6 1
904 -5 1
905 -8 1
905 -7 1
905 -6 1
905 -5 1
906 -8 1
906 -7 1
906 -6 1
906 -5 1
907 -8 1
907 -7 1
907 -6 1
907 -5 1
908 -8 1
908 -7 1
908 -6 1
908 -5 1
909 -8 1
909 -7 1
909 -6 1
909 -5 1
910 -8 1
910 -7 1
910 -6 1
910 -5 1
911 -8 1
911 -7 1
911 -6 1
911 -5 1
912 -8 1
912 -7 1
912 -6 1
912 -5 1
64 -12 1
64 -11 1
64 -10 1
64 -9 1
65 -12 1
65 -11 1
65 -10 1
65 -9 1
66 -12 1
66 -11 1
66 -10 1
66 -9 1
67 -12 1
67 -11 1
67 -10 1
67 -9 1
68 -12 1
68 -11 1
68 -10 1
68 -9 1
69 -12 1
69 -11 1
69 -10 1
69 -9 1
70 -12 1
70 -11 1
70 -10 1
70 -9 1
71 -12 1
71 -11 1
71 -10 1
71 -9 1
72 -12 1
72 -11 1
72 -10 1
72 -9 1
73 -12 1
73 -11 1
73 -10 1
73 -9 1
74 -12 1
74 -11 1
74 -10 1
74 -9 1
75 -12 1
75 -11 1
75 -10 1
75 -9 1
76 -12 1
76 -11 1
76 -10 1
76 -9 1
77 -12 1
77 -11 1
77 -10 1
77 -9 1
78 -12 1
78 -11 1
78 -10 1
78 -9 1
79 -12 1
79 -11 1
79 -10 1
79 -9 1
80 -12 1
80 -11 1
80 -10 1
80 -9 1
81 -12 1
81 -11 1
81 -10 1
81 -9 1
82 -12 1
82 -11 1
82 -10 1
82 -9 1
83 -12 1
83 -11 1
83 -10 1
83 -9 1
84 -12 1
84 -11 1
84 -10 1
84 -9 1
313 -12 1
313 -11 1
313 -10 1
313 -9 1
314 -12 1
314 -11 1
314 -10 1
314 -9 1
315 -12 1
315 -11 1
315 -10 1
315 -9 1
316 -12 1
316 -11 1
316 -10 1
316 -9 1
317 -12 1
317 -11 1
317 -10 1
317 -9 1
318 -12 1
318 -11 1
318 -10 1
318 -9 1
319 -12 1
319 -11 1
319 -10 1
319 -9 1
320 -12 1
320 -11 1
320 -10 1
320 -9 1
321 -12 1
321 -11 1
321 -10 1
321 -9 1
322 -12 1
322 -11 1
322 -10 1
322 -9 1
323 -12 1
323 -11 1
323 -10 1
323 -9 1
324 -12 1
324 -11 1
324 -10 1
324 -9 1
325 -12 1
325 -11 1
325 -10 1
325 -9 1
326 -12 1
326 -11 1
326 -10 1
326 -9 1
327 -12 1
327 -11 1
327 -10 1
327 -9 1
328 -12 1
328 -11 1
328 -10 1
328 -9 1
329 -12 1
329 -11 1
329 -10 1
329 -9 1
330 -12 1
330 -11 1
330 -10 1
330 -9 1
331 -12 1
331 -11 1
331 -10 1
331 -9 1
332 -12 1
332 -11 1
332 -10 1
332 -9 1
333 -12 1
333 -11 1
333 -10 1
333 -9 1
493 -12 1
493 -11 1
493 -10 1
493 -9 1
494 -12 1
494 -11 1
494 -10 1
494 -9 1
495 -12 1
495 -11 1
495 -10 1
495 -9 1
496 -12 1
496 -11 1
496 -10 1
496 -9 1
497 -12 1
497 -11 1
497 -10 1
497 -9 1
498 -12 1
498 -11 1
498 -10 1
498 -9 1
499 -12 1
499 -11 1
499 -10 1
499 -9 1
500 -12 1
500 -11 1
500 -10 1
500 -9 1
501 -12 1
501 -11 1
501 -10 1
501 -9 1
502 -12 1
502 -11 1
502 -10 1
502 -9 1
503 -12 1
503 -11 1
503 -10 1
503 -9 1
504 -12 1
504 -11 1
504 -10 1
504 -9 1
505 -12 1
505 -11 1
505 -10 1
505 -9 1
506 -12 1
506 -11 1
506 -10 1
506 -9 1
507 -12 1
507 -11 1
507 -10 1
507 -9 1
508 -12 1
508 -11 1
508 -10 1
508 -9 1
509 -12 1
509 -11 1
509 -10 1
509 -9 1
510 -12 1
510 -11 1
510 -10 1
510 -9 1
679 -12 1
679 -11 1
679 -10 1
679 -9 1
680 -12 1
680 -11 1
680 -10 1
680 -9 1
681 -12 1
681 -11 1
681 -10 1
681 -9 1
682 -12 1
682 -11 1
682 -10 1
682 -9 1
683 -12 1
683 -11 1
683 -10 1
683 -9 1
684 -12 1
684 -11 1
684 -10 1
684 -9 1
685 -12 1
685 -11 1
685 -10 1
685 -9 1
686 -12 1
686 -11 1
686 -10 1
686 -9 1
687 -12 1
687 -11 1
687 -10 1
687 -9 1
688 -12 1
688 -11 1
688 -10 1
688 -9 1
689 -12 1
689 -11 1
689 -10 1
689 -9 1
690 -12 1
690 -11 1
690 -10 1
690 -9 1
691 -12 1
691 -11 1
691 -10 1
691 -9 1
692 -12 1
692 -11 1
692 -10 1
692 -9 1
693 -12 1
693 -11 1
693 -10 1
693 -9 1
694 -12 1
694 -11 1
694 -10 1
694 -9 1
695 -12 1
695 -11 1
695 -10 1
695 -9 1
696 -12 1
696 -11 1
696 -10 1
696 -9 1
856 -12 1
856 -11 1
856 -10 1
856 -9 1
857 -12 1
857 -11 1
857 -10 1
857 -9 1
858 -12 1
858 -11 1
858 -10 1
858 -9 1
859 -12 1
859 -11 1
859 -10 1
859 -9 1
860 -12 1
860 -11 1
860 -10 1
860 -9 1
861 -12 1
861 -11 1
861 -10 1
861 -9 1
862 -12 1
862 -11 1
862 -10 1
862 -9 1
863 -12 1
863 -11 1
863 -10 1
863 -9 1
864 -12 1
864 -11 1
864 -10 1
864 -9 1
865 -12 1
865 -11 1
865 -10 1
865 -9 1
866 -12 1
866 -11 1
866 -10 1
866 -9 1
867 -12 1
867 -11 1
867 -10 1
867 -9 1
868 -12 1
868 -11 1
868 -10 1
868 -9 1
869 -12 1
869 -11 1
869 -10 1
869 -9 1
870 -12 1
870 -11 1
870 -10 1
870 -9 1
871 -12 1
871 -11 1
871 -10 1
871 -9 1
872 -12 1
872 -11 1
872 -10 1
872 -9 1
873 -12 1
873 -11 1
873 -10 1
873 -9 1
874 -12 1
874 -11 1
874 -10 1
874 -9 1
875 -12 1
875 -11 1
875 -10 1
875 -9 1
876 -12 1
876 -11 1
876 -10 1
876 -9 1
892 -12 1
892 -11 1
892 -10 1
892 -9 1
893 -12 1
893 -11 1
893 -10 1
893 -9 1
894 -12 1
894 -11 1
894 -10 1
894 -9 1
895 -12 1
895 -11 1
895 -10 1
895 -9 1
896 -12 1
896 -11 1
896 -10 1
896 -9 1
897 -12 1
897 -11 1
897 -10 1
897 -9 1
898 -12 1
898 -11 1
898 -10 1
898 -9 1
899 -12 1
899 -11 1
899 -10 1
899 -9 1
900 -12 1
900 -11 1
900 -10 1
900 -9 1
901 -12 1
901 -11 1
901 -10 1
901 -9 1
902 -12 1
902 -11 1
902 -10 1
902 -9 1
903 -12 1
903 -11 1
903 -10 1
903 -9 1
904 -12 1
904 -11 1
904 -10 1
904 -9 1
905 -12 1
905 -11 1
905 -10 1
905 -9 1
906 -12 1
906 -11 1
906 -10 1
906 -9 1
907 -12 1
907 -11 1
907 -10 1
907 -9 1
908 -12 1
908 -11 1
908 -10 1
908 -9 1
909 -12 1
909 -11 1
909 -10 1
909 -9 1
910 -12 1
910 -11 1
910 -10 1
910 -9 1
911 -12 1
911 -11 1
911 -10 1
911 -9 1
912 -12 1
912 -11 1
912 -10 1
912 -9 1
67 -16 1
67 -15 1
67 -14 1
67 -13 1
68 -16 1
68 -15 1
68 -14 1
68 -13 1
69 -16 1
69 -15 1
69 -14 1
69 -13 1
70 -16 1
70 -15 1
70 -14 1
70 -13 1
71 -16 1
71 -15 1
71 -14 1
71 -13 1
72 -16 1
72 -15 1
72 -14 1
72 -13 1
73 -16 1
73 -15 1
73 -14 1
73 -13 1
74 -16 1
74 -15 1
74 -14 1
74 -13 1
75 -16 1
75 -15 1
75 -14 1
75 -13 1
76 -16 1
76 -15 1
76 -14 1
76 -13 1
77 -16 1
77 -15 1
77 -14 1
77 -13 1
78 -16 1
78 -15 1
78 -14 1
78 -13 1
79 -16 1
79 -15 1
79 -14 1
79 -13 1
80 -16 1
80 -15 1
80 -14 1
80 -13 1
81 -16 1
81 -15 1
81 -14 1
81 -13 1
82 -16 1
82 -15 1
82 -14 1
82 -13 1
83 -16 1
83 -15 1
83 -14 1
83 -13 1
84 -16 1
84 -15 1
84 -14 1
84 -13 1
85 -16 1
85 -15 1
85 -14 1
85 -13 1
86 -16 1
86 -15 1
86 -14 1
86 -13 1
87 -16 1
87 -15 1
87 -14 1
87 -13 1
109 -16 1
109 -15 1
109 -14 1
109 -13 1
110 -16 1
110 -15 1
110 -14 1
110 -13 1
111 -16 1
111 -15 1
111 -14 1
111 -13 1
112 -16 1
112 -15 1
112 -14 1
112 -13 1
113 -16 1
113 -15 1
113 -14 1
113 -13 1
114 -16 1
114 -15 1
114 -14 1
114 -13 1
115 -16 1
115 -15 1
115 -14 1
115 -13 1
116 -16 1
116 -15 1
116 -14 1
116 -13 1
117 -16 1
117 -15 1
117 -14 1
117 -13 1
118 -16 1
118 -15 1
118 -14 1
118 -13 1
119 -16 1
119 -15 1
119 -14 1
119 -13 1
120 -16 1
120 -15 1
120 -14 1
120 -13 1
121 -16 1
121 -15 1
121 -14 1
121 -13 1
122 -16 1
122 -15 1
122 -14 1
122 -13 1
123 -16 1
123 -15 1
123 -14 1
123 -13 1
124 -16 1
124 -15 1
124 -14 1
124 -13 1
125 -16 1
125 -15 1
125 -14 1
125 -13 1
126 -16 1
126 -15 1
126 -14 1
126 -13 1
313 -16 1
313 -15 1
313 -14 1
313 -13 1
314 -16 1
314 -15 1
314 -14 1
314 -13 1
315 -16 1
315 -15 1
315 -14 1
315 -13 1
316 -16 1
316 -15 1
316 -14 1
316 -13 1
317 -16 1
317 -15 1
317 -14 1
317 -13 1
318 -16 1
318 -15 1
318 -14 1
318 -13 1
319 -16 1
319 -15 1
319 -14 1
319 -13 1
320 -16 1
320 -15 1
320 -14 1
320 -13 1
321 -16 1
321 -15 1
321 -14 1
321 -13 1
322 -16 1
322 -15 1
322 -14 1
322 -13 1
323 -16 1
323 -15 1
323 -14 1
323 -13 1
324 -16 1
324 -15 1
324 -14 1
324 -13 1
325 -16 1
325 -15 1
325 -14 1
325 -13 1
326 -16 1
326 -15 1
326 -14 1
326 -13 1
327 -16 1
327 -15 1
327 -14 1
327 -13 1
328 -16 1
328 -15 1
328 -14 1
328 -13 1
329 -16 1
329 -15 1
329 -14 1
329 -13 1
330 -16 1
330 -15 1
330 -14 1
330 -13 1
331 -16 1
331 -15 1
331 -14 1
331 -13 1
332 -16 1
332 -15 1
332 -14 1
332 -13 1
333 -16 1
333 -15 1
333 -14 1
333 -13 1
493 -16 1
493 -15 1
493 -14 1
493 -13 1
494 -16 1
494 -15 1
494 -14 1
494 -13 1
495 -16 1
495 -15 1
495 -14 1
495 -13 1
496 -16 1
496 -15 1
496 -14 1
496 -13 1
497 -16 1
497 -15 1
497 -14 1
497 -13 1
498 -16 1
498 -15 1
498 -14 1
498 -13 1
499 -16 1
499 -15 1
499 -14 1
499 -13 1
500 -16 1
500 -15 1
500 -14 1
500 -13 1
501 -16 1
501 -15 1
501 -14 1
501 -13 1
502 -16 1
502 -15 1
502 -14 1
502 -13 1
503 -16 1
503 -15 1
503 -14 1
503 -13 1
504 -16 1
504 -15 1
504 -14 1
504 -13 1
505 -16 1
505 -15 1
505 -14 1
505 -13 1
506 -16 1
506 -15 1
506 -14 1
506 -13 1
507 -16 1
507 -15 1
507 -14 1
507 -13 1
508 -16 1
508 -15 1
508 -14 1
508 -13 1
509 -16 1
509 -15 1
509 -14 1
509 -13 1
510 -16 1
510 -15 1
510 -14 1
510 -13 1
679 -16 1
679 -15 1
679 -14 1
679 -13 1
680 -16 1
680 -15 1
680 -14 1
680 -13 1
681 -16 1
681 -15 1
681 -14 1
681 -13 1
682 -16 1
682 -15 1
682 -14 1
682 -13 1
683 -16 1
683 -15 1
683 -14 1
683 -13 1
684 -16 1
684 -15 1
684 -14 1
684 -13 1
685 -16 1
685 -15 1
685 -14 1
685 -13 1
686 -16 1
686 -15 1
686 -14 1
686 -13 1
687 -16 1
687 -15 1
687 -14 1
687 -13 1
688 -16 1
688 -15 1
688 -14 1
688 -13 1
689 -16 1
689 -15 1
689 -14 1
689 -13 1
690 -16 1
690 -15 1
690 -14 1
690 -13 1
691 -16 1
691 -15 1
691 -14 1
691 -13 1
692 -16 1
692 -15 1
692 -14 1
692 -13 1
693 -16 1
693 -15 1
693 -14 1
693 -13 1
694 -16 1
694 -15 1
694 -14 1
694 -13 1
695 -16 1
695 -15 1
695 -14 1
695 -13 1
696 -16 1
696 -15 1
696 -14 1
696 -13 1
856 -16 1
856 -15 1
856 -14 1
856 -13 1
857 -16 1
857 -15 1
857 -14 1
857 -13 1
858 -16 1
858 -15 1
858 -14 1
858 -13 1
859 -16 1
859 -15 1
859 -14 1
859 -13 1
860 -16 1
860 -15 1
860 -14 1
860 -13 1
861 -16 1
861 -15 1
861 -14 1
861 -13 1
862 -16 1
862 -15 1
862 -14 1
862 -13 1
863 -16 1
863 -15 1
863 -14 1
863 -13 1
864 -16 1
864 -15 1
864 -14 1
864 -13 1
865 -16 1
865 -15 1
865 -14 1
865 -13 1
866 -16 1
866 -15 1
866 -14 1
866 -13 1
867 -16 1
867 -15 1
867 -14 1
867 -13 1
868 -16 1
868 -15 1
868 -14 1
868 -13 1
869 -16 1
869 -15 1
869 -14 1
869 -13 1
870 -16 1
870 -15 1
870 -14 1
870 -13 1
871 -16 1
871 -15 1
871 -14 1
871 -13 1
872 -16 1
872 -15 1
872 -14 1
872 -13 1
873 -16 1
873 -15 1
873 -14 1
873 -13 1
874 -16 1
874 -15 1
874 -14 1
874 -13 1
875 -16 1
875 -15 1
875 -14 1
875 -13 1
876 -16 1
876 -15 1
876 -14 1
876 -13 1
877 -16 1
877 -15 1
877 -14 1
877 -13 1
878 -16 1
878 -15 1
878 -14 1
878 -13 1
879 -16 1
879 -15 1
879 -14 1
879 -13 1
889 -16 1
889 -15 1
889 -14 1
889 -13 1
890 -16 1
890 -15 1
890 -14 1
890 -13 1
891 -16 1
891 -15 1
891 -14 1
891 -13 1
892 -16 1
892 -15 1
892 -14 1
892 -13 1
893 -16 1
893 -15 1
893 -14 1
893 -13 1
894 -16 1
894 -15 1
894 -14 1
894 -13 1
895 -16 1
895 -15 1
895 -14 1
895 -13 1
896 -16 1
896 -15 1
896 -14 1
896 -13 1
897 -16 1
897 -15 1
897 -14 1
897 -13 1
898 -16 1
898 -15 1
898 -14 1
898 -13 1
899 -16 1
899 -15 1
899 -14 1
899 -13 1
900 -16 1
900 -15 1
900 -14 1
900 -13 1
901 -16 1
901 -15 1
901 -14 1
901 -13 1
902 -16 1
902 -15 1
902 -14 1
902 -13 1
903 -16 1
903 -15 1
903 -14 1
903 -13 1
904 -16 1
904 -15 1
904 -14 1
904 -13 1
905 -16 1
905 -15 1
905 -14 1
905 -13 1
906 -16 1
906 -15 1
906 -14 1
906 -13 1
907 -16 1
907 -15 1
907 -14 1
907 -13 1
908 -16 1
908 -15 1
908 -14 1
908 -13 1
909 -16 1
909 -15 1
909 -14 1
909 -13 1
910 -16 1
910 -15 1
910 -14 1
910 -13 1
911 -16 1
911 -15 1
911 -14 1
911 -13 1
912 -16 1
912 -15 1
912 -14 1
912 -13 1
70 -20 1
70 -19 1
70 -18 1
70 -17 1
71 -20 1
71 -19 1
71 -18 1
71 -17 1
72 -20 1
72 -19 1
72 -18 1
72 -17 1
73 -20 1
73 -19 1
73 -18 1
73 -17 1
74 -20 1
74 -19 1
74 -18 1
74 -17 1
75 -20 1
75 -19 1
75 -18 1
75 -17 1
76 -20 1
76 -19 1
76 -18 1
76 -17 1
77 -20 1
77 -19 1
77 -18 1
77 -17 1
78 -20 1
78 -19 1
78 -18 1
78 -17 1
79 -20 1
79 -19 1
79 -18 1
79 -17 1
80 -20 1
80 -19 1
80 -18 1
80 -17 1
81 -20 1
81 -19 1
81 -18 1
81 -17 1
82 -20 1
82 -19 1
82 -18 1
82 -17 1
83 -20 1
83 -19 1
83 -18 1
83 -17 1
84 -20 1
84 -19 1
84 -18 1
84 -17 1
85 -20 1
85 -19 1
85 -18 1
85 -17 1
86 -20 1
86 -19 1
86 -18 1
86 -17 1
87 -20 1
87 -19 1
87 -18 1
87 -17 1
88 -20 1
88 -19 1
88 -18 1
88 -17 1
89 -20 1
89 -19 1
89 -18 1
89 -17 1
90 -20 1
90 -19 1
90 -18 1
90 -17 1
91 -20 1
91 -19 1
91 -18 1
91 -17 1
92 -20 1
92 -19 1
92 -18 1
92 -17 1
93 -20 1
93 -19 1
93 -18 1
93 -17 1
94 -20 1
94 -19 1
94 -18 1
94 -17 1
95 -20 1
95 -19 1
95 -18 1
95 -17 1
96 -20 1
96 -19 1
96 -18 1
96 -17 1
97 -20 1
97 -19 1
97 -18 1
97 -17 1
98 -20 1
98 -19 1
98 -18 1
98 -17 1
99 -20 1
99 -19 1
99 -18 1
99 -17 1
100 -20 1
100 -19 1
100 -18 1
100 -17 1
101 -20 1
101 -19 1
101 -18 1
101 -17 1
102 -20 1
102 -19 1
102 -18 1
102 -17 1
103 -20 1
103 -19 1
103 -18 1
103 -17 1
104 -20 1
104 -19 1
104 -18 1
104 -17 1
105 -20 1
105 -19 1
105 -18 1
105 -17 1
106 -20 1
106 -19 1
106 -18 1
106 -17 1
107 -20 1
107 -19 1
107 -18 1
107 -17 1
108 -20 1
108 -19 1
108 -18 1
108 -17 1
109 -20 1
109 -19 1
109 -18 1
109 -17 1
110 -20 1
110 -19 1
110 -18 1
110 -17 1
111 -20 1
111 -19 1
111 -18 1
111 -17 1
112 -20 1
112 -19 1
112 -18 1
112 -17 1
113 -20 1
113 -19 1
113 -18 1
113 -17 1
114 -20 1
114 -19 1
114 -18 1
114 -17 1
115 -20 1
115 -19 1
115 -18 1
115 -17 1
116 -20 1
116 -19 1
116 -18 1
116 -17 1
117 -20 1
117 -19 1
117 -18 1
117 -17 1
118 -20 1
118 -19 1
118 -18 1
118 -17 1
119 -20 1
119 -19 1
119 -18 1
119 -17 1
120 -20 1
120 -19 1
120 -18 1
120 -17 1
121 -20 1
121 -19 1
121 -18 1
121 -17 1
122 -20 1
122 -19 1
122 -18 1
122 -17 1
123 -20 1
123 -19 1
123 -18 1
123 -17 1
124 -20 1
124 -19 1
124 -18 1
124 -17 1
125 -20 1
125 -19 1
125 -18 1
125 -17 1
126 -20 1
126 -19 1
126 -18 1
126 -17 1
277 -20 1
277 -19 1
277 -18 1
277 -17 1
278 -20 1
278 -19 1
278 -18 1
278 -17 1
279 -20 1
279 -19 1
279 -18 1
279 -17 1
280 -20 1
280 -19 1
280 -18 1
280 -17 1
281 -20 1
281 -19 1
281 -18 1
281 -17 1
282 -20 1
282 -19 1
282 -18 1
282 -17 1
283 -20 1
283 -19 1
283 -18 1
283 -17 1
284 -20 1
284 -19 1
284 -18 1
284 -17 1
285 -20 1
285 -19 1
285 -18 1
285 -17 1
286 -20 1
286 -19 1
286 -18 1
286 -17 1
287 -20 1
287 -19 1
287 -18 1
287 -17 1
288 -20 1
288 -19 1
288 -18 1
288 -17 1
289 -20 1
289 -19 1
289 -18 1
289 -17 1
290 -20 1
290 -19 1
290 -18 1
290 -17 1
291 -20 1
291 -19 1
291 -18 1
291 -17 1
292 -20 1
292 -19 1
292 -18 1
292 -17 1
293 -20 1
293 -19 1
293 -18 1
293 -17 1
294 -20 1
294 -19 1
294 -18 1
294 -17 1
295 -20 1
295 -19 1
295 -18 1
295 -17 1
296 -20 1
296 -19 1
296 -18 1
296 -17 1
297 -20 1
297 -19 1
297 -18 1
297 -17 1
313 -20 1
313 -19 1
313 -18 1
313 -17 1
314 -20 1
314 -19 1
314 -18 1
314 -17 1
315 -20 1
315 -19 1
315 -18 1
315 -17 1
316 -20 1
316 -19 1
316 -18 1
316 -17 1
317 -20 1
317 -19 1
317 -18 1
317 -17 1
318 -20 1
318 -19 1
318 -18 1
318 -17 1
319 -20 1
319 -19 1
319 -18 1
319 -17 1
320 -20 1
320 -19 1
320 -18 1
320 -17 1
321 -20 1
321 -19 1
321 -18 1
321 -17 1
322 -20 1
322 -19 1
322 -18 1
322 -17 1
323 -20 1
323 -19 1
323 -18 1
323 -17 1
324 -20 1
324 -19 1
324 -18 1
324 -17 1
325 -20 1
325 -19 1
325 -18 1
325 -17 1
326 -20 1
326 -19 1
326 -18 1
326 -17 1
327 -20 1
327 -19 1
327 -18 1
327 -17 1
328 -20 1
328 -19 1
328 -18 1
328 -17 1
329 -20 1
329 -19 1
329 -18 1
329 -17 1
330 -20 1
330 -19 1
330 -18 1
330 -17 1
331 -20 1
331 -19 1
331 -18 1
331 -17 1
332 -20 1
332 -19 1
332 -18 1
332 -17 1
333 -20 1
333 -19 1
333 -18 1
333 -17 1
484 -20 1
484 -19 1
484 -18 1
484 -17 1
485 -20 1
485 -19 1
485 -18 1
485 -17 1
486 -20 1
486 -19 1
486 -18 1
486 -17 1
487 -20 1
487 -19 1
487 -18 1
487 -17 1
488 -20 1
488 -19 1
488 -18 1
488 -17 1
489 -20 1
489 -19 1
489 -18 1
489 -17 1
490 -20 1
490 -19 1
490 -18 1
490 -17 1
491 -20 1
491 -19 1
491 -18 1
491 -17 1
492 -20 1
492 -19 1
492 -18 1
492 -17 1
493 -20 1
493 -19 1
493 -18 1
493 -17 1
494 -20 1
494 -19 1
494 -18 1
494 -17 1
495 -20 1
495 -19 1
495 -18 1
495 -17 1
496 -20 1
496 -19 1
496 -18 1
496 -17 1
497 -20 1
497 -19 1
497 -18 1
497 -17 1
498 -20 1
498 -19 1
498 -18 1
498 -17 1
499 -20 1
499 -19 1
499 -18 1
499 -17 1
500 -20 1
500 -19 1
500 -18 1
500 -17 1
501 -20 1
501 -19 1
501 -18 1
501 -17 1
502 -20 1
502 -19 1
502 -18 1
502 -17 1
503 -20 1
503 -19 1
503 -18 1
503 -17 1
504 -20 1
504 -19 1
504 -18 1
504 -17 1
505 -20 1
505 -19 1
505 -18 1
505 -17 1
506 -20 1
506 -19 1
506 -18 1
506 -17 1
507 -20 1
507 -19 1
507 -18 1
507 -17 1
508 -20 1
508 -19 1
508 -18 1
508 -17 1
509 -20 1
509 -19 1
509 -18 1
509 -17 1
510 -20 1
510 -19 1
510 -18 1
510 -17 1
511 -20 1
511 -19 1
511 -18 1
511 -17 1
512 -20 1
512 -19 1
512 -18 1
512 -17 1
513 -20 1
513 -19 1
513 -18 1
513 -17 1
514 -20 1
514 -19 1
514 -18 1
514 -17 1
515 -20 1
515 -19 1
515 -18 1
515 -17 1
516 -20 1
516 -19 1
516 -18 1
516 -17 1
517 -20 1
517 -19 1
517 -18 1
517 -17 1
518 -20 1
518 -19 1
518 -18 1
518 -17 1
519 -20 1
519 -19 1
519 -18 1
519 -17 1
670 -20 1
670 -19 1
670 -18 1
670 -17 1
671 -20 1
671 -19 1
671 -18 1
671 -17 1
672 -20 1
672 -19 1
672 -18 1
672 -17 1
673 -20 1
673 -19 1
673 -18 1
673 -17 1
674 -20 1
674 -19 1
674 -18 1
674 -17 1
675 -20 1
675 -19 1
675 -18 1
675 -17 1
676 -20 1
676 -19 1
676 -18 1
676 -17 1
677 -20 1
677 -19 1
677 -18 1
677 -17 1
678 -20 1
678 -19 1
678 -18 1
678 -17 1
679 -20 1
679 -19 1
679 -18 1
679 -17 1
680 -20 1
680 -19 1
680 -18 1
680 -17 1
681 -20 1
681 -19 1
681 -18 1
681 -17 1
682 -20 1
682 -19 1
682 -18 1
682 -17 1
683 -20 1
683 -19 1
683 -18 1
683 -17 1
684 -20 1
684 -19 1
684 -18 1
684 -17 1
685 -20 1
685 -19 1
685 -18 1
685 -17 1
686 -20 1
686 -19 1
686 -18 1
686 -17 1
687 -20 1
687 -19 1
687 -18 1
687 -17 1
688 -20 1
688 -19 1
688 -18 1
688 -17 1
689 -20 1
689 -19 1
689 -18 1
689 -17 1
690 -20 1
690 -19 1
690 -18 1
690 -17 1
691 -20 1
691 -19 1
691 -18 1
691 -17 1
692 -20 1
692 -19 1
692 -18 1
692 -17 1
693 -20 1
693 -19 1
693 -18 1
693 -17 1
694 -20 1
694 -19 1
694 -18 1
694 -17 1
695 -20 1
695 -19 1
695 -18 1
695 -17 1
696 -20 1
696 -19 1
696 -18 1
696 -17 1
697 -20 1
697 -19 1
697 -18 1
697 -17 1
698 -20 1
698 -19 1
698 -18 1
698 -17 1
699 -20 1
699 -19 1
699 -18 1
699 -17 1
700 -20 1
700 -19 1
700 -18 1
700 -17 1
701 -20 1
701 -19 1
701 -18 1
701 -17 1
702 -20 1
702 -19 1
702 -18 1
702 -17 1
703 -20 1
703 -19 1
703 -18 1
703 -17 1
704 -20 1
704 -19 1
704 -18 1
704 -17 1
705 -20 1
705 -19 1
705 -18 1
705 -17 1
856 -20 1
856 -19 1
856 -18 1
856 -17 1
857 -20 1
857 -19 1
857 -18 1
857 -17 1
858 -20 1
858 -19 1
858 -18 1
858 -17 1
859 -20 1
859 -19 1
859 -18 1
859 -17 1
860 -20 1
860 -19 1
860 -18 1
860 -17 1
861 -20 1
861 -19 1
861 -18 1
861 -17 1
862 -20 1
862 -19 1
862 -18 1
862 -17 1
863 -20 1
863 -19 1
863 -18 1
863 -17 1
864 -20 1
864 -19 1
864 -18 1
864 -17 1
865 -20 1
865 -19 1
865 -18 1
865 -17 1
866 -20 1
866 -19 1
866 -18 1
866 -17 1
867 -20 1
867 -19 1
867 -18 1
867 -17 1
868 -20 1
868 -19 1
868 -18 1
868 -17 1
869 -20 1
869 -19 1
869 -18 1
869 -17 1
870 -20 1
870 -19 1
870 -18 1
870 -17 1
871 -20 1
871 -19 1
871 -18 1
871 -17 1
872 -20 1
872 -19 1
872 -18 1
872 -17 1
873 -20 1
873 -19 1
873 -18 1
873 -17 1
874 -20 1
874 -19 1
874 -18 1
874 -17 1
875 -20 1
875 -19 1
875 -18 1
875 -17 1
876 -20 1
876 -19 1
876 -18 1
876 -17 1
877 -20 1
877 -19 1
877 -18 1
877 -17 1
878 -20 1
878 -19 1
878 -18 1
878 -17 1
879 -20 1
879 -19 1
879 -18 1
879 -17 1
880 -20 1
880 -19 1
880 -18 1
880 -17 1
881 -20 1
881 -19 1
881 -18 1
881 -17 1
882 -20 1
882 -19 1
882 -18 1
882 -17 1
883 -20 1
883 -19 1
883 -18 1
883 -17 1
884 -20 1
884 -19 1
884 -18 1
884 -17 1
885 -20 1
885 -19 1
885 -18 1
885 -17 1
886 -20 1
886 -19 1
886 -18 1
886 -17 1
887 -20 1
887 -19 1
887 -18 1
887 -17 1
888 -20 1
888 -19 1
888 -18 1
888 -17 1
889 -20 1
889 -19 1
889 -18 1
889 -17 1
890 -20 1
890 -19 1
890 -18 1
890 -17 1
891 -20 1
891 -19 1
891 -18 1
891 -17 1
892 -20 1
892 -19 1
892 -18 1
892 -17 1
893 -20 1
893 -19 1
893 -18 1
893 -17 1
894 -20 1
894 -19 1
894 -18 1
894 -17 1
895 -20 1
895 -19 1
895 -18 1
895 -17 1
896 -20 1
896 -19 1
896 -18 1
896 -17 1
897 -20 1
897 -19 1
897 -18 1
897 -17 1
898 -20 1
898 -19 1
898 -18 1
898 -17 1
899 -20 1
899 -19 1
899 -18 1
899 -17 1
900 -20 1
900 -19 1
900 -18 1
900 -17 1
901 -20 1
901 -19 1
901 -18 1
901 -17 1
902 -20 1
902 -19 1
902 -18 1
902 -17 1
903 -20 1
903 -19 1
903 -18 1
903 -17 1
904 -20 1
904 -19 1
904 -18 1
904 -17 1
905 -20 1
905 -19 1
905 -18 1
905 -17 1
906 -20 1
906 -19 1
906 -18 1
906 -17 1
907 -20 1
907 -19 1
907 -18 1
907 -17 1
908 -20 1
908 -19 1
908 -18 1
908 -17 1
909 -20 1
909 -19 1
909 -18 1
909 -17 1
910 -20 1
910 -19 1
910 -18 1
910 -17 1
911 -20 1
911 -19 1
911 -18 1
911 -17 1
912 -20 1
912 -19 1
912 -18 1
912 -17 1
73 -24 1
73 -23 1
73 -22 1
73 -21 1
74 -24 1
74 -23 1
74 -22 1
74 -21 1
75 -24 1
75 -23 1
75 -22 1
75 -21 1
76 -24 1
76 -23 1
76 -22 1
76 -21 1
77 -24 1
77 -23 1
77 -22 1
77 -21 1
78 -24 1
78 -23 1
78 -22 1
78 -21 1
79 -24 1
79 -23 1
79 -22 1
79 -21 1
80 -24 1
80 -23 1
80 -22 1
80 -21 1
81 -24 1
81 -23 1
81 -22 1
81 -21 1
82 -24 1
82 -23 1
82 -22 1
82 -21 1
83 -24 1
83 -23 1
83 -22 1
83 -21 1
84 -24 1
84 -23 1
84 -22 1
84 -21 1
85 -24 1
85 -23 1
85 -22 1
85 -21 1
86 -24 1
86 -23 1
86 -22 1
86 -21 1
87 -24 1
87 -23 1
87 -22 1
87 -21 1
88 -24 1
88 -23 1
88 -22 1
88 -21 1
89 -24 1
89 -23 1
89 -22 1
89 -21 1
90 -24 1
90 -23 1
90 -22 1
90 -21 1
91 -24 1
91 -23 1
91 -22 1
91 -21 1
92 -24 1
92 -23 1
92 -22 1
92 -21 1
93 -24 1
93 -23 1
93 -22 1
93 -21 1
94 -24 1
94 -23 1
94 -22 1
94 -21 1
95 -24 1
95 -23 1
95 -22 1
95 -21 1
96 -24 1
96 -23 1
96 -22 1
96 -21 1
97 -24 1
97 -23 1
97 -22 1
97 -21 1
98 -24 1
98 -23 1
98 -22 1
98 -21 1
99 -24 1
99 -23 1
99 -22 1
99 -21 1
100 -24 1
100 -23 1
100 -22 1
100 -21 1
101 -24 1
101 -23 1
101 -22 1
101 -21 1
102 -24 1
102 -23 1
102 -22 1
102 -21 1
103 -24 1
103 -23 1
103 -22 1
103 -21 1
104 -24 1
104 -23 1
104 -22 1
104 -21 1
105 -24 1
105 -23 1
105 -22 1
105 -21 1
106 -24 1
106 -23 1
106 -22 1
106 -21 1
107 -24 1
107 -23 1
107 -22 1
107 -21 1
108 -24 1
108 -23 1
108 -22 1
108 -21 1
109 -24 1
109 -23 1
109 -22 1
109 -21 1
110 -24 1
110 -23 1
110 -22 1
110 -21 1
111 -24 1
111 -23 1
111 -22 1
111 -21 1
112 -24 1
112 -23 1
112 -22 1
112 -21 1
113 -24 1
113 -23 1
113 -22 1
113 -21 1
114 -24 1
114 -23 1
114 -22 1
114 -21 1
115 -24 1
115 -23 1
115 -22 1
115 -21 1
116 -24 1
116 -23 1
116 -22 1
116 -21 1
117 -24 1
117 -23 1
117 -22 1
117 -21 1
118 -24 1
118 -23 1
118 -22 1
118 -21 1
119 -24 1
119 -23 1
119 -22 1
119 -21 1
120 -24 1
120 -23 1
120 -22 1
120 -21 1
121 -24 1
121 -23 1
121 -22 1
121 -21 1
122 -24 1
122 -23 1
122 -22 1
122 -21 1
123 -24 1
123 -23 1
123 -22 1
123 -21 1
124 -24 1
124 -23 1
124 -22 1
124 -21 1
125 -24 1
125 -23 1
125 -22 1
125 -21 1
126 -24 1
126 -23 1
126 -22 1
126 -21 1
277 -24 1
277 -23 1
277 -22 1
277 -21 1
278 -24 1
278 -23 1
278 -22 1
278 -21 1
279 -24 1
279 -23 1
279 -22 1
279 -21 1
280 -24 1
280 -23 1
280 -22 1
280 -21 1
281 -24 1
281 -23 1
281 -22 1
281 -21 1
282 -24 1
282 -23 1
282 -22 1
282 -21 1
283 -24 1
283 -23 1
283 -22 1
283 -21 1
284 -24 1
284 -23 1
284 -22 1
284 -21 1
285 -24 1
285 -23 1
285 -22 1
285 -21 1
286 -24 1
286 -23 1
286 -22 1
286 -21 1
287 -24 1
287 -23 1
287 -22 1
287 -21 1
288 -24 1
288 -23 1
288 -22 1
288 -21 1
289 -24 1
289 -23 1
289 -22 1
289 -21 1
290 -24 1
290 -23 1
290 -22 1
290 -21 1
291 -24 1
291 -23 1
291 -22 1
291 -21 1
292 -24 1
292 -23 1
292 -22 1
292 -21 1
293 -24 1
293 -23 1
293 -22 1
293 -21 1
294 -24 1
294 -23 1
294 -22 1
294 -21 1
295 -24 1
295 -23 1
295 -22 1
295 -21 1
296 -24 1
296 -23 1
296 -22 1
296 -21 1
297 -24 1
297 -23 1
297 -22 1
297 -21 1
298 -24 1
298 -23 1
298 -22 1
298 -21 1
299 -24 1
299 -23 1
299 -22 1
299 -21 1
300 -24 1
300 -23 1
300 -22 1
300 -21 1
301 -24 1
301 -23 1
301 -22 1
301 -21 1
302 -24 1
302 -23 1
302 -22 1
302 -21 1
303 -24 1
303 -23 1
303 -22 1
303 -21 1
304 -24 1
304 -23 1
304 -22 1
304 -21 1
305 -24 1
305 -23 1
305 -22 1
305 -21 1
306 -24 1
306 -23 1
306 -22 1
306 -21 1
307 -24 1
307 -23 1
307 -22 1
307 -21 1
308 -24 1
308 -23 1
308 -22 1
308 -21 1
309 -24 1
309 -23 1
309 -22 1
309 -21 1
310 -24 1
310 -23 1
310 -22 1
310 -21 1
311 -24 1
311 -23 1
311 -22 1
311 -21 1
312 -24 1
312 -23 1
312 -22 1
312 -21 1
313 -24 1
313 -23 1
313 -22 1
313 -21 1
314 -24 1
314 -23 1
314 -22 1
314 -21 1
315 -24 1
315 -23 1
315 -22 1
315 -21 1
316 -24 1
316 -23 1
316 -22 1
316 -21 1
317 -24 1
317 -23 1
317 -22 1
317 -21 1
318 -24 1
318 -23 1
318 -22 1
318 -21 1
319 -24 1
319 -23 1
319 -22 1
319 -21 1
320 -24 1
320 -23 1
320 -22 1
320 -21 1
321 -24 1
321 -23 1
321 -22 1
321 -21 1
322 -24 1
322 -23 1
322 -22 1
322 -21 1
323 -24 1
323 -23 1
323 -22 1
323 -21 1
324 -24 1
324 -23 1
324 -22 1
324 -21 1
325 -24 1
325 -23 1
325 -22 1
325 -21 1
326 -24 1
326 -23 1
326 -22 1
326 -21 1
327 -24 1
327 -23 1
327 -22 1
327 -21 1
328 -24 1
328 -23 1
328 -22 1
328 -21 1
329 -24 1
329 -23 1
329 -22 1
329 -21 1
330 -24 1
330 -23 1
330 -22 1
330 -21 1
331 -24 1
331 -23 1
331 -22 1
331 -21 1
332 -24 1
332 -23 1
332 -22 1
332 -21 1
333 -24 1
333 -23 1
333 -22 1
333 -21 1
484 -24 1
484 -23 1
484 -22 1
484 -21 1
485 -24 1
485 -23 1
485 -22 1
485 -21 1
486 -24 1
486 -23 1
486 -22 1
486 -21 1
487 -24 1
487 -23 1
487 -22 1
487 -21 1
488 -24 1
488 -23 1
488 -22 1
488 -21 1
489 -24 1
489 -23 1
489 -22 1
489 -21 1
490 -24 1
490 -23 1
490 -22 1
490 -21 1
491 -24 1
491 -23 1
491 -22 1
491 -21 1
492 -24 1
492 -23 1
492 -22 1
492 -21 1
493 -24 1
493 -23 1
493 -22 1
493 -21 1
494 -24 1
494 -23 1
494 -22 1
494 -21 1
495 -24 1
495 -23 1
495 -22 1
495 -21 1
496 -24 1
496 -23 1
496 -22 1
496 -21 1
497 -24 1
497 -23 1
497 -22 1
497 -21 1
498 -24 1
498 -23 1
498 -22 1
498 -21 1
499 -24 1
499 -23 1
499 -22 1
499 -21 1
500 -24 1
500 -23 1
500 -22 1
500 -21 1
501 -24 1
501 -23 1
501 -22 1
501 -21 1
502 -24 1
502 -23 1
502 -22 1
502 -21 1
503 -24 1
503 -23 1
503 -22 1
503 -21 1
504 -24 1
504 -23 1
504 -22 1
504 -21 1
505 -24 1
505 -23 1
505 -22 1
505 -21 1
506 -24 1
506 -23 1
506 -22 1
506 -21 1
507 -24 1
507 -23 1
507 -22 1
507 -21 1
508 -24 1
508 -23 1
508 -22 1
508 -21 1
509 -24 1
509 -23 1
509 -22 1
509 -21 1
510 -24 1
510 -23 1
510 -22 1
510 -21 1
511 -24 1
511 -23 1
511 -22 1
511 -21 1
512 -24 1
512 -23 1
512 -22 1
512 -21 1
513 -24 1
513 -23 1
513 -22 1
513 -21 1
514 -24 1
514 -23 1
514 -22 1
514 -21 1
515 -24 1
515 -23 1
515 -22 1
515 -21 1
516 -24 1
516 -23 1
516 -22 1
516 -21 1
517 -24 1
517 -23 1
517 -22 1
517 -21 1
518 -24 1
518 -23 1
518 -22 1
518 -21 1
519 -24 1
519 -23 1
519 -22 1
519 -21 1
670 -24 1
670 -23 1
670 -22 1
670 -21 1
671 -24 1
671 -23 1
671 -22 1
671 -21 1
672 -24 1
672 -23 1
672 -22 1
672 -21 1
673 -24 1
673 -23 1
673 -22 1
673 -21 1
674 -24 1
674 -23 1
674 -22 1
674 -21 1
675 -24 1
675 -23 1
675 -22 1
675 -21 1
676 -24 1
676 -23 1
676 -22 1
676 -21 1
677 -24 1
677 -23 1
677 -22 1
677 -21 1
678 -24 1
678 -23 1
678 -22 1
678 -21 1
679 -24 1
679 -23 1
679 -22 1
679 -21 1
680 -24 1
680 -23 1
680 -22 1
680 -21 1
681 -24 1
681 -23 1
681 -22 1
681 -21 1
682 -24 1
682 -23 1
682 -22 1
682 -21 1
683 -24 1
683 -23 1
683 -22 1
683 -21 1
684 -24 1
684 -23 1
684 -22 1
684 -21 1
685 -24 1
685 -23 1
685 -22 1
685 -21 1
686 -24 1
686 -23 1
686 -22 1
686 -21 1
687 -24 1
687 -23 1
687 -22 1
687 -21 1
688 -24 1
688 -23 1
688 -22 1
688 -21 1
689 -24 1
689 -23 1
689 -22 1
689 -21 1
690 -24 1
690 -23 1
690 -22 1
690 -21 1
691 -24 1
691 -23 1
691 -22 1
691 -21 1
692 -24 1
692 -23 1
692 -22 1
692 -21 1
693 -24 1
693 -23 1
693 -22 1
693 -21 1
694 -24 1
694 -23 1
694 -22 1
694 -21 1
695 -24 1
695 -23 1
695 -22 1
695 -21 1
696 -24 1
696 -23 1
696 -22 1
696 -21 1
697 -24 1
697 -23 1
697 -22 1
697 -21 1
698 -24 1
698 -23 1
698 -22 1
698 -21 1
699 -24 1
699 -23 1
699 -22 1
699 -21 1
700 -24 1
700 -23 1
700 -22 1
700 -21 1
701 -24 1
701 -23 1
701 -22 1
701 -21 1
702 -24 1
702 -23 1
702 -22 1
702 -21 1
703 -24 1
703 -23 1
703 -22 1
703 -21 1
704 -24 1
704 -23 1
704 -22 1
704 -21 1
705 -24 1
705 -23 1
705 -22 1
705 -21 1
859 -24 1
859 -23 1
859 -22 1
859 -21 1
860 -24 1
860 -23 1
860 -22 1
860 -21 1
861 -24 1
861 -23 1
861 -22 1
861 -21 1
862 -24 1
862 -23 1
862 -22 1
862 -21 1
863 -24 1
863 -23 1
863 -22 1
863 -21 1
864 -24 1
864 -23 1
864 -22 1
864 -21 1
865 -24 1
865 -23 1
865 -22 1
865 -21 1
866 -24 1
866 -23 1
866 -22 1
866 -21 1
867 -24 1
867 -23 1
867 -22 1
867 -21 1
868 -24 1
868 -23 1
868 -22 1
868 -21 1
869 -24 1
869 -23 1
869 -22 1
869 -21 1
870 -24 1
870 -23 1
870 -22 1
870 -21 1
871 -24 1
871 -23 1
871 -22 1
871 -21 1
872 -24 1
872 -23 1
872 -22 1
872 -21 1
873 -24 1
873 -23 1
873 -22 1
873 -21 1
874 -24 1
874 -23 1
874 -22 1
874 -21 1
875 -24 1
875 -23 1
875 -22 1
875 -21 1
876 -24 1
876 -23 1
876 -22 1
876 -21 1
877 -24 1
877 -23 1
877 -22 1
877 -21 1
878 -24 1
878 -23 1
878 -22 1
878 -21 1
879 -24 1
879 -23 1
879 -22 1
879 -21 1
880 -24 1
880 -23 1
880 -22 1
880 -21 1
881 -24 1
881 -23 1
881 -22 1
881 -21 1
882 -24 1
882 -23 1
882 -22 1
882 -21 1
883 -24 1
883 -23 1
883 -22 1
883 -21 1
884 -24 1
884 -23 1
884 -22 1
884 -21 1
885 -24 1
885 -23 1
885 -22 1
885 -21 1
886 -24 1
886 -23 1
886 -22 1
886 -21 1
887 -24 1
887 -23 1
887 -22 1
887 -21 1
888 -24 1
888 -23 1
888 -22 1
888 -21 1
889 -24 1
889 -23 1
889 -22 1
889 -21 1
890 -24 1
890 -23 1
890 -22 1
890 -21 1
891 -24 1
891 -23 1
891 -22 1
891 -21 1
892 -24 1
892 -23 1
892 -22 1
892 -21 1
893 -24 1
893 -23 1
893 -22 1
893 -21 1
894 -24 1
894 -23 1
894 -22 1
894 -21 1
895 -24 1
895 -23 1
895 -22 1
895 -21 1
896 -24 1
896 -23 1
896 -22 1
896 -21 1
897 -24 1
897 -23 1
897 -22 1
897 -21 1
898 -24 1
898 -23 1
898 -22 1
898 -21 1
899 -24 1
899 -23 1
899 -22 1
899 -21 1
900 -24 1
900 -23 1
900 -22 1
900 -21 1
901 -24 1
901 -23 1
901 -22 1
901 -21 1
902 -24 1
902 -23 1
902 -22 1
902 -21 1
903 -24 1
903 -23 1
903 -22 1
903 -21 1
904 -24 1
904 -23 1
904 -22 1
904 -21 1
905 -24 1
905 -23 1
905 -22 1
905 -21 1
906 -24 1
906 -23 1
906 -22 1
906 -21 1
907 -24 1
907 -23 1
907 -22 1
907 -21 1
908 -24 1
908 -23 1
908 -22 1
908 -21 1
909 -24 1
909 -23 1
909 -22 1
909 -21 1
79 -28 1
79 -27 1
79 -26 1
79 -25 1
80 -28 1
80 -27 1
80 -26 1
80 -25 1
81 -28 1
81 -27 1
81 -26 1
81 -25 1
82 -28 1
82 -27 1
82 -26 1
82 -25 1
83 -28 1
83 -27 1
83 -26 1
83 -25 1
84 -28 1
84 -27 1
84 -26 1
84 -25 1
85 -28 1
85 -27 1
85 -26 1
85 -25 1
86 -28 1
86 -27 1
86 -26 1
86 -25 1
87 -28 1
87 -27 1
87 -26 1
87 -25 1
88 -28 1
88 -27 1
88 -26 1
88 -25 1
89 -28 1
89 -27 1
89 -26 1
89 -25 1
90 -28 1
90 -27 1
90 -26 1
90 -25 1
91 -28 1
91 -27 1
91 -26 1
91 -25 1
92 -28 1
92 -27 1
92 -26 1
92 -25 1
93 -28 1
93 -27 1
93 -26 1
93 -25 1
94 -28 1
94 -27 1
94 -26 1
94 -25 1
95 -28 1
95 -27 1
95 -26 1
95 -25 1
96 -28 1
96 -27 1
96 -26 1
96 -25 1
97 -28 1
97 -27 1
97 -26 1
97 -25 1
98 -28 1
98 -27 1
98 -26 1
98 -25 1
99 -28 1
99 -27 1
99 -26 1
99 -25 1
100 -28 1
100 -27 1
100 -26 1
100 -25 1
101 -28 1
101 -27 1
101 -26 1
101 -25 1
102 -28 1
102 -27 1
102 -26 1
102 -25 1
103 -28 1
103 -27 1
103 -26 1
103 -25 1
104 -28 1
104 -27 1
104 -26 1
104 -25 1
105 -28 1
105 -27 1
105 -26 1
105 -25 1
106 -28 1
106 -27 1
106 -26 1
106 -25 1
107 -28 1
107 -27 1
107 -26 1
107 -25 1
108 -28 1
108 -27 1
108 -26 1
108 -25 1
109 -28 1
109 -27 1
109 -26 1
109 -25 1
110 -28 1
110 -27 1
110 -26 1
110 -25 1
111 -28 1
111 -27 1
111 -26 1
111 -25 1
112 -28 1
112 -27 1
112 -26 1
112 -25 1
113 -28 1
113 -27 1
113 -26 1
113 -25 1
114 -28 1
114 -27 1
114 -26 1
114 -25 1
115 -28 1
115 -27 1
115 -26 1
115 -25 1
116 -28 1
116 -27 1
116 -26 1
116 -25 1
117 -28 1
117 -27 1
117 -26 1
117 -25 1
118 -28 1
118 -27 1
118 -26 1
118 -25 1
119 -28 1
119 -27 1
119 -26 1
119 -25 1
120 -28 1
120 -27 1
120 -26 1
120 -25 1
121 -28 1
121 -27 1
121 -26 1
121 -25 1
122 -28 1
122 -27 1
122 -26 1
122 -25 1
123 -28 1
123 -27 1
123 -26 1
123 -25 1
124 -28 1
124 -27 1
124 -26 1
124 -25 1
125 -28 1
125 -27 1
125 -26 1
125 -25 1
126 -28 1
126 -27 1
126 -26 1
126 -25 1
277 -28 1
277 -27 1
277 -26 1
277 -25 1
278 -28 1
278 -27 1
278 -26 1
278 -25 1
279 -28 1
279 -27 1
279 -26 1
279 -25 1
280 -28 1
280 -27 1
280 -26 1
280 -25 1
281 -28 1
281 -27 1
281 -26 1
281 -25 1
282 -28 1
282 -27 1
282 -26 1
282 -25 1
283 -28 1
283 -27 1
283 -26 1
283 -25 1
284 -28 1
284 -27 1
284 -26 1
284 -25 1
285 -28 1
285 -27 1
285 -26 1
285 -25 1
286 -28 1
286 -27 1
286 -26 1
286 -25 1
287 -28 1
287 -27 1
287 -26 1
287 -25 1
288 -28 1
288 -27 1
288 -26 1
288 -25 1
289 -28 1
289 -27 1
289 -26 1
289 -25 1
290 -28 1
290 -27 1
290 -26 1
290 -25 1
291 -28 1
291 -27 1
291 -26 1
291 -25 1
292 -28 1
292 -27 1
292 -26 1
292 -25 1
293 -28 1
293 -27 1
293 -26 1
293 -25 1
294 -28 1
294 -27 1
294 -26 1
294 -25 1
295 -28 1
295 -27 1
295 -26 1
295 -25 1
296 -28 1
296 -27 1
296 -26 1
296 -25 1
297 -28 1
297 -27 1
297 -26 1
297 -25 1
298 -28 1
298 -27 1
298 -26 1
298 -25 1
299 -28 1
299 -27 1
299 -26 1
299 -25 1
300 -28 1
300 -27 1
300 -26 1
300 -25 1
301 -28 1
301 -27 1
301 -26 1
301 -25 1
302 -28 1
302 -27 1
302 -26 1
302 -25 1
303 -28 1
303 -27 1
303 -26 1
303 -25 1
304 -28 1
304 -27 1
304 -26 1
304 -25 1
305 -28 1
305 -27 1
305 -26 1
305 -25 1
306 -28 1
306 -27 1
306 -26 1
306 -25 1
307 -28 1
307 -27 1
307 -26 1
307 -25 1
308 -28 1
308 -27 1
308 -26 1
308 -25 1
309 -28 1
309 -27 1
309 -26 1
309 -25 1
310 -28 1
310 -27 1
310 -26 1
310 -25 1
311 -28 1
311 -27 1
311 -26 1
311 -25 1
312 -28 1
312 -27 1
312 -26 1
312 -25 1
313 -28 1
313 -27 1
313 -26 1
313 -25 1
314 -28 1
314 -27 1
314 -26 1
314 -25 1
315 -28 1
315 -27 1
315 -26 1
315 -25 1
316 -28 1
316 -27 1
316 -26 1
316 -25 1
317 -28 1
317 -27 1
317 -26 1
317 -25 1
318 -28 1
318 -27 1
318 -26 1
318 -25 1
319 -28 1
319 -27 1
319 -26 1
319 -25 1
320 -28 1
320 -27 1
320 -26 1
320 -25 1
321 -28 1
321 -27 1
321 -26 1
321 -25 1
322 -28 1
322 -27 1
322 -26 1
322 -25 1
323 -28 1
323 -27 1
323 -26 1
323 -25 1
324 -28 1
324 -27 1
324 -26 1
324 -25 1
325 -28 1
325 -27 1
325 -26 1
325 -25 1
326 -28 1
326 -27 1
326 -26 1
326 -25 1
327 -28 1
327 -27 1
327 -26 1
327 -25 1
328 -28 1
328 -27 1
328 -26 1
328 -25 1
329 -28 1
329 -27 1
329 -26 1
329 -25 1
330 -28 1
330 -27 1
330 -26 1
330 -25 1
484 -28 1
484 -27 1
484 -26 1
484 -25 1
485 -28 1
485 -27 1
485 -26 1
485 -25 1
486 -28 1
486 -27 1
486 -26 1
486 -25 1
487 -28 1
487 -27 1
487 -26 1
487 -25 1
488 -28 1
488 -27 1
488 -26 1
488 -25 1
489 -28 1
489 -27 1
489 -26 1
489 -25 1
490 -28 1
490 -27 1
490 -26 1
490 -25 1
491 -28 1
491 -27 1
491 -26 1
491 -25 1
492 -28 1
492 -27 1
492 -26 1
492 -25 1
493 -28 1
493 -27 1
493 -26 1
493 -25 1
494 -28 1
494 -27 1
494 -26 1
494 -25 1
495 -28 1
495 -27 1
495 -26 1
495 -25 1
496 -28 1
496 -27 1
496 -26 1
496 -25 1
497 -28 1
497 -27 1
497 -26 1
497 -25 1
498 -28 1
498 -27 1
498 -26 1
498 -25 1
499 -28 1
499 -27 1
499 -26 1
499 -25 1
500 -28 1
500 -27 1
500 -26 1
500 -25 1
501 -28 1
501 -27 1
501 -26 1
501 -25 1
502 -28 1
502 -27 1
502 -26 1
502 -25 1
503 -28 1
503 -27 1
503 -26 1
503 -25 1
504 -28 1
504 -27 1
504 -26 1
504 -25 1
505 -28 1
505 -27 1
505 -26 1
505 -25 1
506 -28 1
506 -27 1
506 -26 1
506 -25 1
507 -28 1
507 -27 1
507 -26 1
507 -25 1
508 -28 1
508 -27 1
508 -26 1
508 -25 1
509 -28 1
509 -27 1
509 -26 1
509 -25 1
510 -28 1
510 -27 1
510 -26 1
510 -25 1
511 -28 1
511 -27 1
511 -26 1
511 -25 1
512 -28 1
512 -27 1
512 -26 1
512 -25 1
513 -28 1
513 -27 1
513 -26 1
513 -25 1
514 -28 1
514 -27 1
514 -26 1
514 -25 1
515 -28 1
515 -27 1
515 -26 1
515 -25 1
516 -28 1
516 -27 1
516 -26 1
516 -25 1
517 -28 1
517 -27 1
517 -26 1
517 -25 1
518 -28 1
518 -27 1
518 -26 1
518 -25 1
519 -28 1
519 -27 1
519 -26 1
519 -25 1
670 -28 1
670 -27 1
670 -26 1
670 -25 1
671 -28 1
671 -27 1
671 -26 1
671 -25 1
672 -28 1
672 -27 1
672 -26 1
672 -25 1
673 -28 1
673 -27 1
673 -26 1
673 -25 1
674 -28 1
674 -27 1
674 -26 1
674 -25 1
675 -28 1
675 -27 1
675 -26 1
675 -25 1
676 -28 1
676 -27 1
676 -26 1
676 -25 1
677 -28 1
677 -27 1
677 -26 1
677 -25 1
678 -28 1
678 -27 1
678 -26 1
678 -25 1
679 -28 1
679 -27 1
679 -26 1
679 -25 1
680 -28 1
680 -27 1
680 -26 1
680 -25 1
681 -28 1
681 -27 1
681 -26 1
681 -25 1
682 -28 1
682 -27 1
682 -26 1
682 -25 1
683 -28 1
683 -27 1
683 -26 1
683 -25 1
684 -28 1
684 -27 1
684 -26 1
684 -25 1
685 -28 1
685 -27 1
685 -26 1
685 -25 1
686 -28 1
686 -27 1
686 -26 1
686 -25 1
687 -28 1
687 -27 1
687 -26 1
687 -25 1
688 -28 1
688 -27 1
688 -26 1
688 -25 1
689 -28 1
689 -27 1
689 -26 1
689 -25 1
690 -28 1
690 -27 1
690 -26 1
690 -25 1
691 -28 1
691 -27 1
691 -26 1
691 -25 1
692 -28 1
692 -27 1
692 -26 1
692 -25 1
693 -28 1
693 -27 1
693 -26 1
693 -25 1
694 -28 1
694 -27 1
694 -26 1
694 -25 1
695 -28 1
695 -27 1
695 -26 1
695 -25 1
696 -28 1
696 -27 1
696 -26 1
696 -25 1
697 -28 1
697 -27 1
697 -26 1
697 -25 1
698 -28 1
698 -27 1
698 -26 1
698 -25 1
699 -28 1
699 -27 1
699 -26 1
699 -25 1
700 -28 1
700 -27 1
700 -26 1
700 -25 1
701 -28 1
701 -27 1
701 -26 1
701 -25 1
702 -28 1
702 -27 1
702 -26 1
702 -25 1
703 -28 1
703 -27 1
703 -26 1
703 -25 1
704 -28 1
704 -27 1
704 -26 1
704 -25 1
705 -28 1
705 -27 1
705 -26 1
705 -25 1
865 -28 1
865 -27 1
865 -26 1
865 -25 1
866 -28 1
866 -27 1
866 -26 1
866 -25 1
867 -28 1
867 -27 1
867 -26 1
867 -25 1
868 -28 1
868 -27 1
868 -26 1
868 -25 1
869 -28 1
869 -27 1
869 -26 1
869 -25 1
870 -28 1
870 -27 1
870 -26 1
870 -25 1
871 -28 1
871 -27 1
871 -26 1
871 -25 1
872 -28 1
872 -27 1
872 -26 1
872 -25 1
873 -28 1
873 -27 1
873 -26 1
873 -25 1
874 -28 1
874 -27 1
874 -26 1
874 -25 1
875 -28 1
875 -27 1
875 -26 1
875 -25 1
876 -28 1
876 -27 1
876 -26 1
876 -25 1
877 -28 1
877 -27 1
877 -26 1
877 -25 1
878 -28 1
878 -27 1
878 -26 1
878 -25 1
879 -28 1
879 -27 1
879 -26 1
879 -25 1
880 -28 1
880 -27 1
880 -26 1
880 -25 1
881 -28 1
881 -27 1
881 -26 1
881 -25 1
882 -28 1
882 -27 1
882 -26 1
882 -25 1
883 -28 1
883 -27 1
883 -26 1
883 -25 1
884 -28 1
884 -27 1
884 -26 1
884 -25 1
885 -28 1
885 -27 1
885 -26 1
885 -25 1
886 -28 1
886 -27 1
886 -26 1
886 -25 1
887 -28 1
887 -27 1
887 -26 1
887 -25 1
888 -28 1
888 -27 1
888 -26 1
888 -25 1
889 -28 1
889 -27 1
889 -26 1
889 -25 1
890 -28 1
890 -27 1
890 -26 1
890 -25 1
891 -28 1
891 -27 1
891 -26 1
891 -25 1
892 -28 1
892 -27 1
892 -26 1
892 -25 1
893 -28 1
893 -27 1
893 -26 1
893 -25 1
894 -28 1
894 -27 1
894 -26 1
894 -25 1
895 -28 1
895 -27 1
895 -26 1
895 -25 1
896 -28 1
896 -27 1
896 -26 1
896 -25 1
897 -28 1
897 -27 1
897 -26 1
897 -25 1
898 -28 1
898 -27 1
898 -26 1
898 -25 1
899 -28 1
899 -27 1
899 -26 1
899 -25 1
900 -28 1
900 -27 1
900 -26 1
900 -25 1
901 -28 1
901 -27 1
901 -26 1
901 -25 1
902 -28 1
902 -27 1
902 -26 1
902 -25 1
903 -28 1
903 -27 1
903 -26 1
903 -25 1
88 -32 1
88 -31 1
88 -30 1
88 -29 1
89 -32 1
89 -31 1
89 -30 1
89 -29 1
90 -32 1
90 -31 1
90 -30 1
90 -29 1
91 -32 1
91 -31 1
91 -30 1
91 -29 1
92 -32 1
92 -31 1
92 -30 1
92 -29 1
93 -32 1
93 -31 1
93 -30 1
93 -29 1
94 -32 1
94 -31 1
94 -30 1
94 -29 1
95 -32 1
95 -31 1
95 -30 1
95 -29 1
96 -32 1
96 -31 1
96 -30 1
96 -29 1
97 -32 1
97 -31 1
97 -30 1
97 -29 1
98 -32 1
98 -31 1
98 -30 1
98 -29 1
99 -32 1
99 -31 1
99 -30 1
99 -29 1
100 -32 1
100 -31 1
100 -30 1
100 -29 1
101 -32 1
101 -31 1
101 -30 1
101 -29 1
102 -32 1
102 -31 1
102 -30 1
102 -29 1
103 -32 1
103 -31 1
103 -30 1
103 -29 1
104 -32 1
104 -31 1
104 -30 1
104 -29 1
105 -32 1
105 -31 1
105 -30 1
105 -29 1
106 -32 1
106 -31 1
106 -30 1
106 -29 1
107 -32 1
107 -31 1
107 -30 1
107 -29 1
108 -32 1
108 -31 1
108 -30 1
108 -29 1
109 -32 1
109 -31 1
109 -30 1
109 -29 1
110 -32 1
110 -31 1
110 -30 1
110 -29 1
111 -32 1
111 -31 1
111 -30 1
111 -29 1
112 -32 1
112 -31 1
112 -30 1
112 -29 1
113 -32 1
113 -31 1
113 -30 1
113 -29 1
114 -32 1
114 -31 1
114 -30 1
114 -29 1
115 -32 1
115 -31 1
115 -30 1
115 -29 1
116 -32 1
116 -31 1
116 -30 1
116 -29 1
117 -32 1
117 -31 1
117 -30 1
117 -29 1
118 -32 1
118 -31 1
118 -30 1
118 -29 1
119 -32 1
119 -31 1
119 -30 1
119 -29 1
120 -32 1
120 -31 1
120 -30 1
120 -29 1
121 -32 1
121 -31 1
121 -30 1
121 -29 1
122 -32 1
122 -31 1
122 -30 1
122 -29 1
123 -32 1
123 -31 1
123 -30 1
123 -29 1
124 -32 1
124 -31 1
124 -30 1
124 -29 1
125 -32 1
125 -31 1
125 -30 1
125 -29 1
126 -32 1
126 -31 1
126 -30 1
126 -29 1
280 -32 1
280 -31 1
280 -30 1
280 -29 1
281 -32 1
281 -31 1
281 -30 1
281 -29 1
282 -32 1
282 -31 1
282 -30 1
282 -29 1
283 -32 1
283 -31 1
283 -30 1
283 -29 1
284 -32 1
284 -31 1
284 -30 1
284 -29 1
285 -32 1
285 -31 1
285 -30 1
285 -29 1
286 -32 1
286 -31 1
286 -30 1
286 -29 1
287 -32 1
287 -31 1
287 -30 1
287 -29 1
288 -32 1
288 -31 1
288 -30 1
288 -29 1
289 -32 1
289 -31 1
289 -30 1
289 -29 1
290 -32 1
290 -31 1
290 -30 1
290 -29 1
291 -32 1
291 -31 1
291 -30 1
291 -29 1
292 -32 1
292 -31 1
292 -30 1
292 -29 1
293 -32 1
293 -31 1
293 -30 1
293 -29 1
294 -32 1
294 -31 1
294 -30 1
294 -29 1
295 -32 1
295 -31 1
295 -30 1
295 -29 1
296 -32 1
296 -31 1
296 -30 1
296 -29 1
297 -32 1
297 -31 1
297 -30 1
297 -29 1
298 -32 1
298 -31 1
298 -30 1
298 -29 1
299 -32 1
299 -31 1
299 -30 1
299 -29 1
300 -32 1
300 -31 1
300 -30 1
300 -29 1
301 -32 1
301 -31 1
301 -30 1
301 -29 1
302 -32 1
302 -31 1
302 -30 1
302 -29 1
303 -32 1
303 -31 1
303 -30 1
303 -29 1
304 -32 1
304 -31 1
304 -30 1
304 -29 1
305 -32 1
305 -31 1
305 -30 1
305 -29 1
306 -32 1
306 -31 1
306 -30 1
306 -29 1
307 -32 1
307 -31 1
307 -30 1
307 -29 1
308 -32 1
308 -31 1
308 -30 1
308 -29 1
309 -32 1
309 -31 1
309 -30 1
309 -29 1
310 -32 1
310 -31 1
310 -30 1
310 -29 1
311 -32 1
311 -31 1
311 -30 1
311 -29 1
312 -32 1
312 -31 1
312 -30 1
312 -29 1
313 -32 1
313 -31 1
313 -30 1
313 -29 1
314 -32 1
314 -31 1
314 -30 1
314 -29 1
315 -32 1
315 -31 1
315 -30 1
315 -29 1
316 -32 1
316 -31 1
316 -30 1
316 -29 1
317 -32 1
317 -31 1
317 -30 1
317 -29 1
318 -32 1
318 -31 1
318 -30 1
318 -29 1
319 -32 1
319 -31 1
319 -30 1
319 -29 1
320 -32 1
320 -31 1
320 -30 1
320 -29 1
321 -32 1
321 -31 1
321 -30 1
321 -29 1
322 -32 1
322 -31 1
322 -30 1
322 -29 1
323 -32 1
323 -31 1
323 -30 1
323 -29 1
324 -32 1
324 -31 1
324 -30 1
324 -29 1
484 -32 1
484 -31 1
484 -30 1
484 -29 1
485 -32 1
485 -31 1
485 -30 1
485 -29 1
486 -32 1
486 -31 1
486 -30 1
486 -29 1
487 -32 1
487 -31 1
487 -30 1
487 -29 1
488 -32 1
488 -31 1
488 -30 1
488 -29 1
489 -32 1
489 -31 1
489 -30 1
489 -29 1
490 -32 1
490 -31 1
490 -30 1
490 -29 1
491 -32 1
491 -31 1
491 -30 1
491 -29 1
492 -32 1
492 -31 1
492 -30 1
492 -29 1
493 -32 1
493 -31 1
493 -30 1
493 -29 1
494 -32 1
494 -31 1
494 -30 1
494 -29 1
495 -32 1
495 -31 1
495 -30 1
495 -29 1
496 -32 1
496 -31 1
496 -30 1
496 -29 1
497 -32 1
497 -31 1
497 -30 1
497 -29 1
498 -32 1
498 -31 1
498 -30 1
498 -29 1
499 -32 1
499 -31 1
499 -30 1
499 -29 1
500 -32 1
500 -31 1
500 -30 1
500 -29 1
501 -32 1
501 -31 1
501 -30 1
501 -29 1
502 -32 1
502 -31 1
502 -30 1
502 -29 1
503 -32 1
503 -31 1
503 -30 1
503 -29 1
504 -32 1
504 -31 1
504 -30 1
504 -29 1
505 -32 1
505 -31 1
505 -30 1
505 -29 1
506 -32 1
506 -31 1
506 -30 1
506 -29 1
507 -32 1
507 -31 1
507 -30 1
507 -29 1
508 -32 1
508 -31 1
508 -30 1
508 -29 1
509 -32 1
509 -31 1
509 -30 1
509 -29 1
510 -32 1
510 -31 1
510 -30 1
510 -29 1
511 -32 1
511 -31 1
511 -30 1
511 -29 1
512 -32 1
512 -31 1
512 -30 1
512 -29 1
513 -32 1
513 -31 1
513 -30 1
513 -29 1
514 -32 1
514 -31 1
514 -30 1
514 -29 1
515 -32 1
515 -31 1
515 -30 1
515 -29 1
516 -32 1
516 -31 1
516 -30 1
516 -29 1
517 -32 1
517 -31 1
517 -30 1
517 -29 1
518 -32 1
518 -31 1
518 -30 1
518 -29 1
519 -32 1
519 -31 1
519 -30 1
519 -29 1
670 -32 1
670 -31 1
670 -30 1
670 -29 1
671 -32 1
671 -31 1
671 -30 1
671 -29 1
672 -32 1
672 -31 1
672 -30 1
672 -29 1
673 -32 1
673 -31 1
673 -30 1
673 -29 1
674 -32 1
674 -31 1
674 -30 1
674 -29 1
675 -32 1
675 -31 1
675 -30 1
675 -29 1
676 -32 1
676 -31 1
676 -30 1
676 -29 1
677 -32 1
677 -31 1
677 -30 1
677 -29 1
678 -32 1
678 -31 1
678 -30 1
678 -29 1
679 -32 1
679 -31 1
679 -30 1
679 -29 1
680 -32 1
680 -31 1
680 -30 1
680 -29 1
681 -32 1
681 -31 1
681 -30 1
681 -29 1
682 -32 1
682 -31 1
682 -30 1
682 -29 1
683 -32 1
683 -31 1
683 -30 1
683 -29 1
684 -32 1
684 -31 1
684 -30 1
684 -29 1
685 -32 1
685 -31 1
685 -30 1
685 -29 1
686 -32 1
686 -31 1
686 -30 1
686 -29 1
687 -32 1
687 -31 1
687 -30 1
687 -29 1
688 -32 1
688 -31 1
688 -30 1
688 -29 1
689 -32 1
689 -31 1
689 -30 1
689 -29 1
690 -32 1
690 -31 1
690 -30 1
690 -29 1
691 -32 1
691 -31 1
691 -30 1
691 -29 1
692 -32 1
692 -31 1
692 -30 1
692 -29 1
693 -32 1
693 -31 1
693 -30 1
693 -29 1
694 -32 1
694 -31 1
694 -30 1
694 -29 1
695 -32 1
695 -31 1
695 -30 1
695 -29 1
696 -32 1
696 -31 1
696 -30 1
696 -29 1
697 -32 1
697 -31 1
697 -30 1
697 -29 1
698 -32 1
698 -31 1
698 -30 1
698 -29 1
699 -32 1
699 -31 1
699 -30 1
699 -29 1
700 -32 1
700 -31 1
700 -30 1
700 -29 1
701 -32 1
701 -31 1
701 -30 1
701 -29 1
702 -32 1
702 -31 1
702 -30 1
702 -29 1
703 -32 1
703 -31 1
703 -30 1
703 -29 1
704 -32 1
704 -31 1
704 -30 1
704 -29 1
705 -32 1
705 -31 1
705 -30 1
705 -29 1
871 -32 1
871 -31 1
871 -30 1
871 -29 1
872 -32 1
872 -31 1
872 -30 1
872 -29 1
873 -32 1
873 -31 1
873 -30 1
873 -29 1
874 -32 1
874 -31 1
874 -30 1
874 -29 1
875 -32 1
875 -31 1
875 -30 1
875 -29 1
876 -32 1
876 -31 1
876 -30 1
876 -29 1
877 -32 1
877 -31 1
877 -30 1
877 -29 1
878 -32 1
878 -31 1
878 -30 1
878 -29 1
879 -32 1
879 -31 1
879 -30 1
879 -29 1
880 -32 1
880 -31 1
880 -30 1
880 -29 1
881 -32 1
881 -31 1
881 -30 1
881 -29 1
882 -32 1
882 -31 1
882 -30 1
882 -29 1
883 -32 1
883 -31 1
883 -30 1
883 -29 1
884 -32 1
884 -31 1
884 -30 1
884 -29 1
885 -32 1
885 -31 1
885 -30 1
885 -29 1
886 -32 1
886 -31 1
886 -30 1
886 -29 1
887 -32 1
887 -31 1
887 -30 1
887 -29 1
888 -32 1
888 -31 1
888 -30 1
888 -29 1
889 -32 1
889 -31 1
889 -30 1
889 -29 1
890 -32 1
890 -31 1
890 -30 1
890 -29 1
891 -32 1
891 -31 1
891 -30 1
891 -29 1
892 -32 1
892 -31 1
892 -30 1
892 -29 1
893 -32 1
893 -31 1
893 -30 1
893 -29 1
894 -32 1
894 -31 1
894 -30 1
894 -29 1
895 -32 1
895 -31 1
895 -30 1
895 -29 1
896 -32 1
896 -31 1
896 -30 1
896 -29 1
897 -32 1
897 -31 1
897 -30 1
897 -29 1
